1	2
1	49
2	3
2	4
2	49
3	2
3	3
3	49
5	53
6	54
6	55
7	53
7	54
12	12
13	13
13	14
14	12
14	13
19	2
19	49
20	3
20	4
20	49
21	2
21	3
21	49
23	53
24	54
24	55
25	53
25	54
30	12
31	13
31	14
32	12
32	13
37	2
37	49
38	3
38	4
38	49
39	2
39	3
39	49
41	53
42	54
42	55
43	53
43	54
48	12
49	13
49	14
50	12
50	13
55	2
55	49
56	3
56	4
56	49
57	2
57	3
57	49
59	53
60	54
60	55
61	53
61	54
66	12
67	13
67	14
68	12
68	13
73	2
73	49
74	3
74	4
74	49
75	2
75	3
75	49
77	53
78	54
78	55
79	53
79	54
84	12
85	13
85	14
86	12
86	13
91	2
91	49
92	3
92	4
92	49
93	2
93	3
93	49
95	53
96	54
96	55
97	53
97	54
1002	12
1003	13
1003	14
1004	12
1004	13
1009	2
1009	49
1010	3
1010	4
1010	49
1011	2
1011	3
1011	49
1013	53
1014	54
1014	55
1015	53
1015	54
1020	12
102	12
1021	13
1021	14
1022	12
1022	13
1027	2
1027	49
1028	3
1028	4
1028	49
1029	2
1029	3
1029	49
103	13
103	14
1031	53
1032	54
1032	55
1033	53
1033	54
1038	12
1039	13
1039	14
1040	12
1040	13
104	12
104	13
1045	2
1045	49
1046	3
1046	4
1046	49
1047	2
1047	3
1047	49
1049	53
1050	54
1050	55
1051	53
1051	54
1056	12
1057	13
1057	14
1058	12
1058	13
1063	2
1063	49
1064	3
1064	4
1064	49
1065	2
1065	3
1065	49
1067	53
1068	54
1068	55
1069	53
1069	54
1074	12
1075	13
1075	14
1076	12
1076	13
1081	2
1081	49
1082	3
1082	4
1082	49
1083	2
1083	3
1083	49
1085	53
1086	54
1086	55
1087	53
1087	54
109	2
109	49
1092	12
1093	13
1093	14
1094	12
1094	13
1099	2
1099	49
1100	3
1100	4
110	3
110	4
1100	49
110	49
1101	2
1101	3
1101	49
1103	53
1104	54
1104	55
1105	53
1105	54
1110	12
111	2
111	3
111	49
1111	13
1111	14
1112	12
1112	13
1117	2
1117	49
1118	3
1118	4
1118	49
1119	2
1119	3
1119	49
1121	53
1122	54
1122	55
1123	53
1123	54
1128	12
1129	13
1129	14
1130	12
1130	13
113	53
1135	2
1135	49
1136	3
1136	4
1136	49
1137	2
1137	3
1137	49
1139	53
1140	54
1140	55
114	54
114	55
1141	53
1141	54
1146	12
1147	13
1147	14
1148	12
1148	13
115	53
115	54
1153	2
1153	49
1154	3
1154	4
1154	49
1155	2
1155	3
1155	49
1157	53
1158	54
1158	55
1159	53
1159	54
1164	12
1165	13
1165	14
1166	12
1166	13
1171	2
1171	49
1172	3
1172	4
1172	49
1173	2
1173	3
1173	49
1175	53
1176	54
1176	55
1177	53
1177	54
1182	12
1183	13
1183	14
1184	12
1184	13
1189	2
1189	49
1190	3
1190	4
1190	49
1191	2
1191	3
1191	49
1193	53
1194	54
1194	55
1195	53
1195	54
1200	12
120	12
1201	13
1201	14
1202	12
1202	13
1207	2
1207	49
1208	3
1208	4
1208	49
1209	2
1209	3
1209	49
121	13
121	14
1211	53
1212	54
1212	55
1213	53
1213	54
1218	12
1219	13
1219	14
1220	12
1220	13
122	12
122	13
1225	2
1225	49
1226	3
1226	4
1226	49
1227	2
1227	3
1227	49
1229	53
1230	54
1230	55
1231	53
1231	54
1236	12
1237	13
1237	14
1238	12
1238	13
1243	2
1243	49
1244	3
1244	4
1244	49
1245	2
1245	3
1245	49
1247	53
1248	54
1248	55
1249	53
1249	54
1254	12
1255	13
1255	14
1256	12
1256	13
1261	2
1261	49
1262	3
1262	4
1262	49
1263	2
1263	3
1263	49
1265	53
1266	54
1266	55
1267	53
1267	54
127	2
127	49
1272	12
1273	13
1273	14
1274	12
1274	13
1279	2
1279	49
1280	3
1280	4
128	3
128	4
1280	49
128	49
1281	2
1281	3
1281	49
1283	53
1284	54
1284	55
1285	53
1285	54
1290	12
129	2
129	3
129	49
1291	13
1291	14
1292	12
1292	13
1297	2
1297	49
1298	3
1298	4
1298	49
1299	2
1299	3
1299	49
1301	53
1302	54
1302	55
1303	53
1303	54
1308	12
1309	13
1309	14
1310	12
1310	13
131	53
1315	2
1315	49
1316	3
1316	4
1316	49
1317	2
1317	3
1317	49
1319	53
1320	54
1320	55
132	54
132	55
1321	53
1321	54
1326	12
1327	13
1327	14
1328	12
1328	13
133	53
133	54
1333	2
1333	49
1334	3
1334	4
1334	49
1335	2
1335	3
1335	49
1337	53
1338	54
1338	55
1339	53
1339	54
1344	12
1345	13
1345	14
1346	12
1346	13
1351	2
1351	49
1352	3
1352	4
1352	49
1353	2
1353	3
1353	49
1355	53
1356	54
1356	55
1357	53
1357	54
1362	12
1363	13
1363	14
1364	12
1364	13
1369	2
1369	49
1370	3
1370	4
1370	49
1371	2
1371	3
1371	49
1373	53
1374	54
1374	55
1375	53
1375	54
1380	12
138	12
1381	13
1381	14
1382	12
1382	13
1387	2
1387	49
1388	3
1388	4
1388	49
1389	2
1389	3
1389	49
139	13
139	14
1391	53
1392	54
1392	55
1393	53
1393	54
1398	12
1399	13
1399	14
1400	12
1400	13
140	12
140	13
1405	2
1405	49
1406	3
1406	4
1406	49
1407	2
1407	3
1407	49
1409	53
1410	54
1410	55
1411	53
1411	54
1416	12
1417	13
1417	14
1418	12
1418	13
1423	2
1423	49
1424	3
1424	4
1424	49
1425	2
1425	3
1425	49
1427	53
1428	54
1428	55
1429	53
1429	54
1434	12
1435	13
1435	14
1436	12
1436	13
1441	2
1441	49
1442	3
1442	4
1442	49
1443	2
1443	3
1443	49
1445	53
1446	54
1446	55
1447	53
1447	54
145	2
145	49
1452	12
1453	13
1453	14
1454	12
1454	13
1459	2
1459	49
1460	3
1460	4
146	3
146	4
1460	49
146	49
1461	2
1461	3
1461	49
1463	53
1464	54
1464	55
1465	53
1465	54
1470	12
147	2
147	3
147	49
1471	13
1471	14
1472	12
1472	13
1477	2
1477	49
1478	3
1478	4
1478	49
1479	2
1479	3
1479	49
1481	53
1482	54
1482	55
1483	53
1483	54
1488	12
1489	13
1489	14
1490	12
1490	13
149	53
1495	2
1495	49
1496	3
1496	4
1496	49
1497	2
1497	3
1497	49
1499	53
1500	54
1500	55
150	54
150	55
1501	53
1501	54
1506	12
1507	13
1507	14
1508	12
1508	13
151	53
151	54
1513	2
1513	49
1514	3
1514	4
1514	49
1515	2
1515	3
1515	49
1517	53
1518	54
1518	55
1519	53
1519	54
1524	12
1525	13
1525	14
1526	12
1526	13
1531	2
1531	49
1532	3
1532	4
1532	49
1533	2
1533	3
1533	49
1535	53
1536	54
1536	55
1537	53
1537	54
1542	12
1543	13
1543	14
1544	12
1544	13
1549	2
1549	49
1550	3
1550	4
1550	49
1551	2
1551	3
1551	49
1553	53
1554	54
1554	55
1555	53
1555	54
1560	12
156	12
1561	13
1561	14
1562	12
1562	13
1567	2
1567	49
1568	3
1568	4
1568	49
1569	2
1569	3
1569	49
157	13
157	14
1571	53
1572	54
1572	55
1573	53
1573	54
1578	12
1579	13
1579	14
1580	12
1580	13
158	12
158	13
1585	2
1585	49
1586	3
1586	4
1586	49
1587	2
1587	3
1587	49
1589	53
1590	54
1590	55
1591	53
1591	54
1596	12
1597	13
1597	14
1598	12
1598	13
1603	2
1603	49
1604	3
1604	4
1604	49
1605	2
1605	3
1605	49
1607	53
1608	54
1608	55
1609	53
1609	54
1614	12
1615	13
1615	14
1616	12
1616	13
1621	2
1621	49
1622	3
1622	4
1622	49
1623	2
1623	3
1623	49
1625	53
1626	54
1626	55
1627	53
1627	54
163	2
163	49
1632	12
1633	13
1633	14
1634	12
1634	13
1639	2
1639	49
1640	3
1640	4
164	3
164	4
1640	49
164	49
1641	2
1641	3
1641	49
1643	53
1644	54
1644	55
1645	53
1645	54
1650	12
165	2
165	3
165	49
1651	13
1651	14
1652	12
1652	13
1657	2
1657	49
1658	3
1658	4
1658	49
1659	2
1659	3
1659	49
1661	53
1662	54
1662	55
1663	53
1663	54
1668	12
1669	13
1669	14
1670	12
1670	13
167	53
1675	2
1675	49
1676	3
1676	4
1676	49
1677	2
1677	3
1677	49
1679	53
1680	54
1680	55
168	54
168	55
1681	53
1681	54
1686	12
1687	13
1687	14
1688	12
1688	13
169	53
169	54
1693	2
1693	49
1694	3
1694	4
1694	49
1695	2
1695	3
1695	49
1697	53
1698	54
1698	55
1699	53
1699	54
1704	12
1705	13
1705	14
1706	12
1706	13
1711	2
1711	49
1712	3
1712	4
1712	49
1713	2
1713	3
1713	49
1715	53
1716	54
1716	55
1717	53
1717	54
1722	12
1723	13
1723	14
1724	12
1724	13
1729	2
1729	49
1730	3
1730	4
1730	49
1731	2
1731	3
1731	49
1733	53
1734	54
1734	55
1735	53
1735	54
1740	12
174	12
1741	13
1741	14
1742	12
1742	13
1747	2
1747	49
1748	3
1748	4
1748	49
1749	2
1749	3
1749	49
175	13
175	14
1751	53
1752	54
1752	55
1753	53
1753	54
1758	12
1759	13
1759	14
1760	12
1760	13
176	12
176	13
1765	2
1765	49
1766	3
1766	4
1766	49
1767	2
1767	3
1767	49
1769	53
1770	54
1770	55
1771	53
1771	54
1776	12
1777	13
1777	14
1778	12
1778	13
1783	2
1783	49
1784	3
1784	4
1784	49
1785	2
1785	3
1785	49
1787	53
1788	54
1788	55
1789	53
1789	54
1794	12
1795	13
1795	14
1796	12
1796	13
1801	2
1801	49
1802	3
1802	4
1802	49
1803	2
1803	3
1803	49
1805	53
1806	54
1806	55
1807	53
1807	54
181	2
181	49
1812	12
1813	13
1813	14
1814	12
1814	13
1819	2
1819	49
1820	3
1820	4
182	3
182	4
1820	49
182	49
1821	2
1821	3
1821	49
1823	53
1824	54
1824	55
1825	53
1825	54
1830	12
183	2
183	3
183	49
1831	13
1831	14
1832	12
1832	13
1837	2
1837	49
1838	3
1838	4
1838	49
1839	2
1839	3
1839	49
1841	53
1842	54
1842	55
1843	53
1843	54
1848	12
1849	13
1849	14
1850	12
1850	13
185	53
1855	2
1855	49
1856	3
1856	4
1856	49
1857	2
1857	3
1857	49
1859	53
1860	54
1860	55
186	54
186	55
1861	53
1861	54
1866	12
1867	13
1867	14
1868	12
1868	13
187	53
187	54
1873	2
1873	49
1874	3
1874	4
1874	49
1875	2
1875	3
1875	49
1877	53
1878	54
1878	55
1879	53
1879	54
1884	12
1885	13
1885	14
1886	12
1886	13
1891	2
1891	49
1892	3
1892	4
1892	49
1893	2
1893	3
1893	49
1895	53
1896	54
1896	55
1897	53
1897	54
1902	12
1903	13
1903	14
1904	12
1904	13
1909	2
1909	49
1910	3
1910	4
1910	49
1911	2
1911	3
1911	49
1913	53
1914	54
1914	55
1915	53
1915	54
1920	12
192	12
1921	13
1921	14
1922	12
1922	13
1927	2
1927	49
1928	3
1928	4
1928	49
1929	2
1929	3
1929	49
193	13
193	14
1931	53
1932	54
1932	55
1933	53
1933	54
1938	12
1939	13
1939	14
1940	12
1940	13
194	12
194	13
1945	2
1945	49
1946	3
1946	4
1946	49
1947	2
1947	3
1947	49
1949	53
1950	54
1950	55
1951	53
1951	54
1956	12
1957	13
1957	14
1958	12
1958	13
1963	2
1963	49
1964	3
1964	4
1964	49
1965	2
1965	3
1965	49
1967	53
1968	54
1968	55
1969	53
1969	54
1974	12
1975	13
1975	14
1976	12
1976	13
1981	2
1981	49
1982	3
1982	4
1982	49
1983	2
1983	3
1983	49
1985	53
1986	54
1986	55
1987	53
1987	54
199	2
199	49
1992	12
1993	13
1993	14
1994	12
1994	13
1999	2
1999	49
2000	3
2000	4
200	3
200	4
2000	49
200	49
2001	2
2001	3
2001	49
2003	53
2004	54
2004	55
2005	53
2005	54
2010	12
201	2
201	3
201	49
2011	13
2011	14
2012	12
2012	13
2017	2
2017	49
2018	3
2018	4
2018	49
2019	2
2019	3
2019	49
2021	53
2022	54
2022	55
2023	53
2023	54
2028	12
2029	13
2029	14
2030	12
2030	13
203	53
2035	2
2035	49
2036	3
2036	4
2036	49
2037	2
2037	3
2037	49
2039	53
2040	54
2040	55
204	54
204	55
2041	53
2041	54
2046	12
2047	13
2047	14
2048	12
2048	13
205	53
205	54
2053	2
2053	49
2054	3
2054	4
2054	49
2055	2
2055	3
2055	49
2057	53
2058	54
2058	55
2059	53
2059	54
2064	12
2065	13
2065	14
2066	12
2066	13
2071	2
2071	49
2072	3
2072	4
2072	49
2073	2
2073	3
2073	49
2075	53
2076	54
2076	55
2077	53
2077	54
2082	12
2083	13
2083	14
2084	12
2084	13
2089	2
2089	49
2090	3
2090	4
2090	49
2091	2
2091	3
2091	49
2093	53
2094	54
2094	55
2095	53
2095	54
2100	12
210	12
2101	13
2101	14
2102	12
2102	13
2107	2
2107	49
2108	3
2108	4
2108	49
2109	2
2109	3
2109	49
211	13
211	14
2111	53
2112	54
2112	55
2113	53
2113	54
2118	12
2119	13
2119	14
2120	12
2120	13
212	12
212	13
2125	2
2125	49
2126	3
2126	4
2126	49
2127	2
2127	3
2127	49
2129	53
2130	54
2130	55
2131	53
2131	54
2136	12
2137	13
2137	14
2138	12
2138	13
2143	2
2143	49
2144	3
2144	4
2144	49
2145	2
2145	3
2145	49
2147	53
2148	54
2148	55
2149	53
2149	54
2154	12
2155	13
2155	14
2156	12
2156	13
2161	2
2161	49
2162	3
2162	4
2162	49
2163	2
2163	3
2163	49
2165	53
2166	54
2166	55
2167	53
2167	54
217	2
217	49
2172	12
2173	13
2173	14
2174	12
2174	13
2179	2
2179	49
2180	3
2180	4
218	3
218	4
2180	49
218	49
2181	2
2181	3
2181	49
2183	53
2184	54
2184	55
2185	53
2185	54
2190	12
219	2
219	3
219	49
2191	13
2191	14
2192	12
2192	13
2197	2
2197	49
2198	3
2198	4
2198	49
2199	2
2199	3
2199	49
2201	53
2202	54
2202	55
2203	53
2203	54
2208	12
2209	13
2209	14
2210	12
2210	13
221	53
2215	2
2215	49
2216	3
2216	4
2216	49
2217	2
2217	3
2217	49
2219	53
2220	54
2220	55
222	54
222	55
2221	53
2221	54
2226	12
2227	13
2227	14
2228	12
2228	13
223	53
223	54
2233	2
2233	49
2234	3
2234	4
2234	49
2235	2
2235	3
2235	49
2237	53
2238	54
2238	55
2239	53
2239	54
2244	12
2245	13
2245	14
2246	12
2246	13
2251	2
2251	49
2252	3
2252	4
2252	49
2253	2
2253	3
2253	49
2255	53
2256	54
2256	55
2257	53
2257	54
2262	12
2263	13
2263	14
2264	12
2264	13
2269	2
2269	49
2270	3
2270	4
2270	49
2271	2
2271	3
2271	49
2273	53
2274	54
2274	55
2275	53
2275	54
2280	12
228	12
2281	13
2281	14
2282	12
2282	13
2287	2
2287	49
2288	3
2288	4
2288	49
2289	2
2289	3
2289	49
229	13
229	14
2291	53
2292	54
2292	55
2293	53
2293	54
2298	12
2299	13
2299	14
2300	12
2300	13
230	12
230	13
2305	2
2305	49
2306	3
2306	4
2306	49
2307	2
2307	3
2307	49
2309	53
2310	54
2310	55
2311	53
2311	54
2316	12
2317	13
2317	14
2318	12
2318	13
2323	2
2323	49
2324	3
2324	4
2324	49
2325	2
2325	3
2325	49
2327	53
2328	54
2328	55
2329	53
2329	54
2334	12
2335	13
2335	14
2336	12
2336	13
2341	2
2341	49
2342	3
2342	4
2342	49
2343	2
2343	3
2343	49
2345	53
2346	54
2346	55
2347	53
2347	54
235	2
235	49
2352	12
2353	13
2353	14
2354	12
2354	13
2359	2
2359	49
2360	3
2360	4
236	3
236	4
2360	49
236	49
2361	2
2361	3
2361	49
2363	53
2364	54
2364	55
2365	53
2365	54
2370	12
237	2
237	3
237	49
2371	13
2371	14
2372	12
2372	13
2377	2
2377	49
2378	3
2378	4
2378	49
2379	2
2379	3
2379	49
2381	53
2382	54
2382	55
2383	53
2383	54
2388	12
2389	13
2389	14
2390	12
2390	13
239	53
2395	2
2395	49
2396	3
2396	4
2396	49
2397	2
2397	3
2397	49
2399	53
2400	54
2400	55
240	54
240	55
2401	53
2401	54
2406	12
2407	13
2407	14
2408	12
2408	13
241	53
241	54
2413	2
2413	49
2414	3
2414	4
2414	49
2415	2
2415	3
2415	49
2417	53
2418	54
2418	55
2419	53
2419	54
2424	12
2425	13
2425	14
2426	12
2426	13
2431	2
2431	49
2432	3
2432	4
2432	49
2433	2
2433	3
2433	49
2435	53
2436	54
2436	55
2437	53
2437	54
2442	12
2443	13
2443	14
2444	12
2444	13
2449	2
2449	49
2450	3
2450	4
2450	49
2451	2
2451	3
2451	49
2453	53
2454	54
2454	55
2455	53
2455	54
2460	12
246	12
2461	13
2461	14
2462	12
2462	13
2467	2
2467	49
2468	3
2468	4
2468	49
2469	2
2469	3
2469	49
247	13
247	14
2471	53
2472	54
2472	55
2473	53
2473	54
2478	12
2479	13
2479	14
2480	12
2480	13
248	12
248	13
2485	2
2485	49
2486	3
2486	4
2486	49
2487	2
2487	3
2487	49
2489	53
2490	54
2490	55
2491	53
2491	54
2496	12
2497	13
2497	14
2498	12
2498	13
2503	2
2503	49
2504	3
2504	4
2504	49
2505	2
2505	3
2505	49
2507	53
2508	54
2508	55
2509	53
2509	54
2514	12
2515	13
2515	14
2516	12
2516	13
2521	2
2521	49
2522	3
2522	4
2522	49
2523	2
2523	3
2523	49
2525	53
2526	54
2526	55
2527	53
2527	54
253	2
253	49
2532	12
2533	13
2533	14
2534	12
2534	13
2539	2
2539	49
2540	3
2540	4
254	3
254	4
2540	49
254	49
2541	2
2541	3
2541	49
2543	53
2544	54
2544	55
2545	53
2545	54
2550	12
255	2
255	3
255	49
2551	13
2551	14
2552	12
2552	13
2557	2
2557	49
2558	3
2558	4
2558	49
2559	2
2559	3
2559	49
2561	53
2562	54
2562	55
2563	53
2563	54
2568	12
2569	13
2569	14
2570	12
2570	13
257	53
2575	2
2575	49
2576	3
2576	4
2576	49
2577	2
2577	3
2577	49
2579	53
2580	54
2580	55
258	54
258	55
2581	53
2581	54
2586	12
2587	13
2587	14
2588	12
2588	13
259	53
259	54
2593	2
2593	49
2594	3
2594	4
2594	49
2595	2
2595	3
2595	49
2597	53
2598	54
2598	55
2599	53
2599	54
2604	12
2605	13
2605	14
2606	12
2606	13
2611	2
2611	49
2612	3
2612	4
2612	49
2613	2
2613	3
2613	49
2615	53
2616	54
2616	55
2617	53
2617	54
2622	12
2623	13
2623	14
2624	12
2624	13
2629	2
2629	49
2630	3
2630	4
2630	49
2631	2
2631	3
2631	49
2633	53
2634	54
2634	55
2635	53
2635	54
2640	12
264	12
2641	13
2641	14
2642	12
2642	13
2647	2
2647	49
2648	3
2648	4
2648	49
2649	2
2649	3
2649	49
265	13
265	14
2651	53
2652	54
2652	55
2653	53
2653	54
2658	12
2659	13
2659	14
2660	12
2660	13
266	12
266	13
2665	2
2665	49
2666	3
2666	4
2666	49
2667	2
2667	3
2667	49
2669	53
2670	54
2670	55
2671	53
2671	54
2676	12
2677	13
2677	14
2678	12
2678	13
2683	2
2683	49
2684	3
2684	4
2684	49
2685	2
2685	3
2685	49
2687	53
2688	54
2688	55
2689	53
2689	54
2694	12
2695	13
2695	14
2696	12
2696	13
2701	2
2701	49
2702	3
2702	4
2702	49
2703	2
2703	3
2703	49
2705	53
2706	54
2706	55
2707	53
2707	54
271	2
271	49
2712	12
2713	13
2713	14
2714	12
2714	13
2719	2
2719	49
2720	3
2720	4
272	3
272	4
2720	49
272	49
2721	2
2721	3
2721	49
2723	53
2724	54
2724	55
2725	53
2725	54
2730	12
273	2
273	3
273	49
2731	13
2731	14
2732	12
2732	13
2737	2
2737	49
2738	3
2738	4
2738	49
2739	2
2739	3
2739	49
2741	53
2742	54
2742	55
2743	53
2743	54
2748	12
2749	13
2749	14
2750	12
2750	13
275	53
2755	2
2755	49
2756	3
2756	4
2756	49
2757	2
2757	3
2757	49
2759	53
2760	54
2760	55
276	54
276	55
2761	53
2761	54
2766	12
2767	13
2767	14
2768	12
2768	13
277	53
277	54
2773	2
2773	49
2774	3
2774	4
2774	49
2775	2
2775	3
2775	49
2777	53
2778	54
2778	55
2779	53
2779	54
2784	12
2785	13
2785	14
2786	12
2786	13
2791	2
2791	49
2792	3
2792	4
2792	49
2793	2
2793	3
2793	49
2795	53
2796	54
2796	55
2797	53
2797	54
2802	12
2803	13
2803	14
2804	12
2804	13
2809	2
2809	49
2810	3
2810	4
2810	49
2811	2
2811	3
2811	49
2813	53
2814	54
2814	55
2815	53
2815	54
2820	12
282	12
2821	13
2821	14
2822	12
2822	13
2827	2
2827	49
2828	3
2828	4
2828	49
2829	2
2829	3
2829	49
283	13
283	14
2831	53
2832	54
2832	55
2833	53
2833	54
2838	12
2839	13
2839	14
2840	12
2840	13
284	12
284	13
2845	2
2845	49
2846	3
2846	4
2846	49
2847	2
2847	3
2847	49
2849	53
2850	54
2850	55
2851	53
2851	54
2856	12
2857	13
2857	14
2858	12
2858	13
2863	2
2863	49
2864	3
2864	4
2864	49
2865	2
2865	3
2865	49
2867	53
2868	54
2868	55
2869	53
2869	54
2874	12
2875	13
2875	14
2876	12
2876	13
2881	2
2881	49
2882	3
2882	4
2882	49
2883	2
2883	3
2883	49
2885	53
2886	54
2886	55
2887	53
2887	54
289	2
289	49
2892	12
2893	13
2893	14
2894	12
2894	13
2899	2
2899	49
2900	3
2900	4
290	3
290	4
2900	49
290	49
2901	2
2901	3
2901	49
2903	53
2904	54
2904	55
2905	53
2905	54
2910	12
291	2
291	3
291	49
2911	13
2911	14
2912	12
2912	13
2917	2
2917	49
2918	3
2918	4
2918	49
2919	2
2919	3
2919	49
2921	53
2922	54
2922	55
2923	53
2923	54
2928	12
2929	13
2929	14
2930	12
2930	13
293	53
2935	2
2935	49
2936	3
2936	4
2936	49
2937	2
2937	3
2937	49
2939	53
2940	54
2940	55
294	54
294	55
2941	53
2941	54
2946	12
2947	13
2947	14
2948	12
2948	13
295	53
295	54
2953	2
2953	49
2954	3
2954	4
2954	49
2955	2
2955	3
2955	49
2957	53
2958	54
2958	55
2959	53
2959	54
2964	12
2965	13
2965	14
2966	12
2966	13
2971	2
2971	49
2972	3
2972	4
2972	49
2973	2
2973	3
2973	49
2975	53
2976	54
2976	55
2977	53
2977	54
2982	12
2983	13
2983	14
2984	12
2984	13
2989	2
2989	49
2990	3
2990	4
2990	49
2991	2
2991	3
2991	49
2993	53
2994	54
2994	55
2995	53
2995	54
3000	12
300	12
3001	13
3001	14
3002	12
3002	13
3007	2
3007	49
3008	3
3008	4
3008	49
3009	2
3009	3
3009	49
301	13
301	14
3011	53
3012	54
3012	55
3013	53
3013	54
3018	12
3019	13
3019	14
3020	12
3020	13
302	12
302	13
3025	2
3025	49
3026	3
3026	4
3026	49
3027	2
3027	3
3027	49
3029	53
3030	54
3030	55
3031	53
3031	54
3036	12
3037	13
3037	14
3038	12
3038	13
3043	2
3043	49
3044	3
3044	4
3044	49
3045	2
3045	3
3045	49
3047	53
3048	54
3048	55
3049	53
3049	54
3054	12
3055	13
3055	14
3056	12
3056	13
3061	2
3061	49
3062	3
3062	4
3062	49
3063	2
3063	3
3063	49
3065	53
3066	54
3066	55
3067	53
3067	54
307	2
307	49
3072	12
3073	13
3073	14
3074	12
3074	13
3079	2
3079	49
3080	3
3080	4
308	3
308	4
3080	49
308	49
3081	2
3081	3
3081	49
3083	53
3084	54
3084	55
3085	53
3085	54
3090	12
309	2
309	3
309	49
3091	13
3091	14
3092	12
3092	13
3097	2
3097	49
3098	3
3098	4
3098	49
3099	2
3099	3
3099	49
3101	53
3102	54
3102	55
3103	53
3103	54
3108	12
3109	13
3109	14
3110	12
3110	13
311	53
3115	2
3115	49
3116	3
3116	4
3116	49
3117	2
3117	3
3117	49
3119	53
3120	54
3120	55
312	54
312	55
3121	53
3121	54
3126	12
3127	13
3127	14
3128	12
3128	13
313	53
313	54
3133	2
3133	49
3134	3
3134	4
3134	49
3135	2
3135	3
3135	49
3137	53
3138	54
3138	55
3139	53
3139	54
3144	12
3145	13
3145	14
3146	12
3146	13
3151	2
3151	49
3152	3
3152	4
3152	49
3153	2
3153	3
3153	49
3155	53
3156	54
3156	55
3157	53
3157	54
3162	12
3163	13
3163	14
3164	12
3164	13
3169	2
3169	49
3170	3
3170	4
3170	49
3171	2
3171	3
3171	49
3173	53
3174	54
3174	55
3175	53
3175	54
3180	12
318	12
3181	13
3181	14
3182	12
3182	13
3187	2
3187	49
3188	3
3188	4
3188	49
3189	2
3189	3
3189	49
319	13
319	14
3191	53
3192	54
3192	55
3193	53
3193	54
3198	12
3199	13
3199	14
3200	12
3200	13
320	12
320	13
3205	2
3205	49
3206	3
3206	4
3206	49
3207	2
3207	3
3207	49
3209	53
3210	54
3210	55
3211	53
3211	54
3216	12
3217	13
3217	14
3218	12
3218	13
3223	2
3223	49
3224	3
3224	4
3224	49
3225	2
3225	3
3225	49
3227	53
3228	54
3228	55
3229	53
3229	54
3234	12
3235	13
3235	14
3236	12
3236	13
3241	2
3241	49
3242	3
3242	4
3242	49
3243	2
3243	3
3243	49
3245	53
3246	54
3246	55
3247	53
3247	54
325	2
325	49
3252	12
3253	13
3253	14
3254	12
3254	13
3259	2
3259	49
3260	3
3260	4
326	3
326	4
3260	49
326	49
3261	2
3261	3
3261	49
3263	53
3264	54
3264	55
3265	53
3265	54
3270	12
327	2
327	3
327	49
3271	13
3271	14
3272	12
3272	13
3277	2
3277	49
3278	3
3278	4
3278	49
3279	2
3279	3
3279	49
3281	53
3282	54
3282	55
3283	53
3283	54
3288	12
3289	13
3289	14
3290	12
3290	13
329	53
3295	2
3295	49
3296	3
3296	4
3296	49
3297	2
3297	3
3297	49
3299	53
3300	54
3300	55
330	54
330	55
3301	53
3301	54
3306	12
3307	13
3307	14
3308	12
3308	13
331	53
331	54
3313	2
3313	49
3314	3
3314	4
3314	49
3315	2
3315	3
3315	49
3317	53
3318	54
3318	55
3319	53
3319	54
3324	12
3325	13
3325	14
3326	12
3326	13
3331	2
3331	49
3332	3
3332	4
3332	49
3333	2
3333	3
3333	49
3335	53
3336	54
3336	55
3337	53
3337	54
3342	12
3343	13
3343	14
3344	12
3344	13
3349	2
3349	49
3350	3
3350	4
3350	49
3351	2
3351	3
3351	49
3353	53
3354	54
3354	55
3355	53
3355	54
3360	12
336	12
3361	13
3361	14
3362	12
3362	13
3367	2
3367	49
3368	3
3368	4
3368	49
3369	2
3369	3
3369	49
337	13
337	14
3371	53
3372	54
3372	55
3373	53
3373	54
3378	12
3379	13
3379	14
3380	12
3380	13
338	12
338	13
3385	2
3385	49
3386	3
3386	4
3386	49
3387	2
3387	3
3387	49
3389	53
3390	54
3390	55
3391	53
3391	54
3396	12
3397	13
3397	14
3398	12
3398	13
3403	2
3403	49
3404	3
3404	4
3404	49
3405	2
3405	3
3405	49
3407	53
3408	54
3408	55
3409	53
3409	54
3414	12
3415	13
3415	14
3416	12
3416	13
3421	2
3421	49
3422	3
3422	4
3422	49
3423	2
3423	3
3423	49
3425	53
3426	54
3426	55
3427	53
3427	54
343	2
343	49
3432	12
3433	13
3433	14
3434	12
3434	13
3439	2
3439	49
3440	3
3440	4
344	3
344	4
3440	49
344	49
3441	2
3441	3
3441	49
3443	53
3444	54
3444	55
3445	53
3445	54
3450	12
345	2
345	3
345	49
3451	13
3451	14
3452	12
3452	13
3457	2
3457	49
3458	3
3458	4
3458	49
3459	2
3459	3
3459	49
3461	53
3462	54
3462	55
3463	53
3463	54
3468	12
3469	13
3469	14
3470	12
3470	13
347	53
3475	2
3475	49
3476	3
3476	4
3476	49
3477	2
3477	3
3477	49
3479	53
3480	54
3480	55
348	54
348	55
3481	53
3481	54
3486	12
3487	13
3487	14
3488	12
3488	13
349	53
349	54
3493	2
3493	49
3494	3
3494	4
3494	49
3495	2
3495	3
3495	49
3497	53
3498	54
3498	55
3499	53
3499	54
3504	12
3505	13
3505	14
3506	12
3506	13
3511	2
3511	49
3512	3
3512	4
3512	49
3513	2
3513	3
3513	49
3515	53
3516	54
3516	55
3517	53
3517	54
3522	12
3523	13
3523	14
3524	12
3524	13
3529	2
3529	49
3530	3
3530	4
3530	49
3531	2
3531	3
3531	49
3533	53
3534	54
3534	55
3535	53
3535	54
3540	12
354	12
3541	13
3541	14
3542	12
3542	13
3547	2
3547	49
3548	3
3548	4
3548	49
3549	2
3549	3
3549	49
355	13
355	14
3551	53
3552	54
3552	55
3553	53
3553	54
3558	12
3559	13
3559	14
3560	12
3560	13
356	12
356	13
3565	2
3565	49
3566	3
3566	4
3566	49
3567	2
3567	3
3567	49
3569	53
3570	54
3570	55
3571	53
3571	54
3576	12
3577	13
3577	14
3578	12
3578	13
3583	2
3583	49
3584	3
3584	4
3584	49
3585	2
3585	3
3585	49
3587	53
3588	54
3588	55
3589	53
3589	54
3594	12
3595	13
3595	14
3596	12
3596	13
3601	2
3601	49
3602	3
3602	4
3602	49
3603	2
3603	3
3603	49
3605	53
3606	54
3606	55
3607	53
3607	54
361	2
361	49
3612	12
3613	13
3613	14
3614	12
3614	13
3619	2
3619	49
3620	3
3620	4
362	3
362	4
3620	49
362	49
3621	2
3621	3
3621	49
3623	53
3624	54
3624	55
3625	53
3625	54
3630	12
363	2
363	3
363	49
3631	13
3631	14
3632	12
3632	13
3637	2
3637	49
3638	3
3638	4
3638	49
3639	2
3639	3
3639	49
3641	53
3642	54
3642	55
3643	53
3643	54
3648	12
3649	13
3649	14
3650	12
3650	13
365	53
3655	2
3655	49
3656	3
3656	4
3656	49
3657	2
3657	3
3657	49
3659	53
3660	54
3660	55
366	54
366	55
3661	53
3661	54
3666	12
3667	13
3667	14
3668	12
3668	13
367	53
367	54
3673	2
3673	49
3674	3
3674	4
3674	49
3675	2
3675	3
3675	49
3677	53
3678	54
3678	55
3679	53
3679	54
3684	12
3685	13
3685	14
3686	12
3686	13
3691	2
3691	49
3692	3
3692	4
3692	49
3693	2
3693	3
3693	49
3695	53
3696	54
3696	55
3697	53
3697	54
3702	12
3703	13
3703	14
3704	12
3704	13
3709	2
3709	49
3710	3
3710	4
3710	49
3711	2
3711	3
3711	49
3713	53
3714	54
3714	55
3715	53
3715	54
3720	12
372	12
3721	13
3721	14
3722	12
3722	13
3727	2
3727	49
3728	3
3728	4
3728	49
3729	2
3729	3
3729	49
373	13
373	14
3731	53
3732	54
3732	55
3733	53
3733	54
3738	12
3739	13
3739	14
3740	12
3740	13
374	12
374	13
3745	2
3745	49
3746	3
3746	4
3746	49
3747	2
3747	3
3747	49
3749	53
3750	54
3750	55
3751	53
3751	54
3756	12
3757	13
3757	14
3758	12
3758	13
3763	2
3763	49
3764	3
3764	4
3764	49
3765	2
3765	3
3765	49
3767	53
3768	54
3768	55
3769	53
3769	54
3774	12
3775	13
3775	14
3776	12
3776	13
3781	2
3781	49
3782	3
3782	4
3782	49
3783	2
3783	3
3783	49
3785	53
3786	54
3786	55
3787	53
3787	54
379	2
379	49
3792	12
3793	13
3793	14
3794	12
3794	13
3799	2
3799	49
3800	3
3800	4
380	3
380	4
3800	49
380	49
3801	2
3801	3
3801	49
3803	53
3804	54
3804	55
3805	53
3805	54
3810	12
381	2
381	3
381	49
3811	13
3811	14
3812	12
3812	13
3817	2
3817	49
3818	3
3818	4
3818	49
3819	2
3819	3
3819	49
3821	53
3822	54
3822	55
3823	53
3823	54
3828	12
3829	13
3829	14
3830	12
3830	13
383	53
3835	2
3835	49
3836	3
3836	4
3836	49
3837	2
3837	3
3837	49
3839	53
3840	54
3840	55
384	54
384	55
3841	53
3841	54
3846	12
3847	13
3847	14
3848	12
3848	13
385	53
385	54
3853	2
3853	49
3854	3
3854	4
3854	49
3855	2
3855	3
3855	49
3857	53
3858	54
3858	55
3859	53
3859	54
3864	12
3865	13
3865	14
3866	12
3866	13
3871	2
3871	49
3872	3
3872	4
3872	49
3873	2
3873	3
3873	49
3875	53
3876	54
3876	55
3877	53
3877	54
3882	12
3883	13
3883	14
3884	12
3884	13
3889	2
3889	49
3890	3
3890	4
3890	49
3891	2
3891	3
3891	49
3893	53
3894	54
3894	55
3895	53
3895	54
3900	12
390	12
3901	13
3901	14
3902	12
3902	13
3907	2
3907	49
3908	3
3908	4
3908	49
3909	2
3909	3
3909	49
391	13
391	14
3911	53
3912	54
3912	55
3913	53
3913	54
3918	12
3919	13
3919	14
3920	12
3920	13
392	12
392	13
3925	2
3925	49
3926	3
3926	4
3926	49
3927	2
3927	3
3927	49
3929	53
3930	54
3930	55
3931	53
3931	54
3936	12
3937	13
3937	14
3938	12
3938	13
3943	2
3943	49
3944	3
3944	4
3944	49
3945	2
3945	3
3945	49
3947	53
3948	54
3948	55
3949	53
3949	54
3954	12
3955	13
3955	14
3956	12
3956	13
3961	2
3961	49
3962	3
3962	4
3962	49
3963	2
3963	3
3963	49
3965	53
3966	54
3966	55
3967	53
3967	54
397	2
397	49
3972	12
3973	13
3973	14
3974	12
3974	13
3979	2
3979	49
3980	3
3980	4
398	3
398	4
3980	49
398	49
3981	2
3981	3
3981	49
3983	53
3984	54
3984	55
3985	53
3985	54
3990	12
399	2
399	3
399	49
3991	13
3991	14
3992	12
3992	13
3997	2
3997	49
3998	3
3998	4
3998	49
3999	2
3999	3
3999	49
4001	53
4002	54
4002	55
4003	53
4003	54
4008	12
4009	13
4009	14
4010	12
4010	13
401	53
4015	2
4015	49
4016	3
4016	4
4016	49
4017	2
4017	3
4017	49
4019	53
4020	54
4020	55
402	54
402	55
4021	53
4021	54
4026	12
4027	13
4027	14
4028	12
4028	13
403	53
403	54
4033	2
4033	49
4034	3
4034	4
4034	49
4035	2
4035	3
4035	49
4037	53
4038	54
4038	55
4039	53
4039	54
4044	12
4045	13
4045	14
4046	12
4046	13
4051	2
4051	49
4052	3
4052	4
4052	49
4053	2
4053	3
4053	49
4055	53
4056	54
4056	55
4057	53
4057	54
4062	12
4063	13
4063	14
4064	12
4064	13
4069	2
4069	49
4070	3
4070	4
4070	49
4071	2
4071	3
4071	49
4073	53
4074	54
4074	55
4075	53
4075	54
4080	12
408	12
4081	13
4081	14
4082	12
4082	13
4087	2
4087	49
4088	3
4088	4
4088	49
4089	2
4089	3
4089	49
409	13
409	14
4091	53
4092	54
4092	55
4093	53
4093	54
4098	12
4099	13
4099	14
4100	12
4100	13
410	12
410	13
4105	2
4105	49
4106	3
4106	4
4106	49
4107	2
4107	3
4107	49
4109	53
4110	54
4110	55
4111	53
4111	54
4116	12
4117	13
4117	14
4118	12
4118	13
4123	2
4123	49
4124	3
4124	4
4124	49
4125	2
4125	3
4125	49
4127	53
4128	54
4128	55
4129	53
4129	54
4134	12
4135	13
4135	14
4136	12
4136	13
4141	2
4141	49
4142	3
4142	4
4142	49
4143	2
4143	3
4143	49
4145	53
4146	54
4146	55
4147	53
4147	54
415	2
415	49
4152	12
4153	13
4153	14
4154	12
4154	13
4159	2
4159	49
4160	3
4160	4
416	3
416	4
4160	49
416	49
4161	2
4161	3
4161	49
4163	53
4164	54
4164	55
4165	53
4165	54
4170	12
417	2
417	3
417	49
4171	13
4171	14
4172	12
4172	13
4177	2
4177	49
4178	3
4178	4
4178	49
4179	2
4179	3
4179	49
4181	53
4182	54
4182	55
4183	53
4183	54
4188	12
4189	13
4189	14
4190	12
4190	13
419	53
4195	2
4195	49
4196	3
4196	4
4196	49
4197	2
4197	3
4197	49
4199	53
4200	54
4200	55
420	54
420	55
4201	53
4201	54
4206	12
4207	13
4207	14
4208	12
4208	13
421	53
421	54
4213	2
4213	49
4214	3
4214	4
4214	49
4215	2
4215	3
4215	49
4217	53
4218	54
4218	55
4219	53
4219	54
4224	12
4225	13
4225	14
4226	12
4226	13
4231	2
4231	49
4232	3
4232	4
4232	49
4233	2
4233	3
4233	49
4235	53
4236	54
4236	55
4237	53
4237	54
4242	12
4243	13
4243	14
4244	12
4244	13
4249	2
4249	49
4250	3
4250	4
4250	49
4251	2
4251	3
4251	49
4253	53
4254	54
4254	55
4255	53
4255	54
4260	12
426	12
4261	13
4261	14
4262	12
4262	13
4267	2
4267	49
4268	3
4268	4
4268	49
4269	2
4269	3
4269	49
427	13
427	14
4271	53
4272	54
4272	55
4273	53
4273	54
4278	12
4279	13
4279	14
4280	12
4280	13
428	12
428	13
4285	2
4285	49
4286	3
4286	4
4286	49
4287	2
4287	3
4287	49
4289	53
4290	54
4290	55
4291	53
4291	54
4296	12
4297	13
4297	14
4298	12
4298	13
4303	2
4303	49
4304	3
4304	4
4304	49
4305	2
4305	3
4305	49
4307	53
4308	54
4308	55
4309	53
4309	54
4314	12
4315	13
4315	14
4316	12
4316	13
4321	2
4321	49
4322	3
4322	4
4322	49
4323	2
4323	3
4323	49
4325	53
4326	54
4326	55
4327	53
4327	54
433	2
433	49
4332	12
4333	13
4333	14
4334	12
4334	13
4339	2
4339	49
4340	3
4340	4
434	3
434	4
4340	49
434	49
4341	2
4341	3
4341	49
4343	53
4344	54
4344	55
4345	53
4345	54
4350	12
435	2
435	3
435	49
4351	13
4351	14
4352	12
4352	13
4357	2
4357	49
4358	3
4358	4
4358	49
4359	2
4359	3
4359	49
4361	53
4362	54
4362	55
4363	53
4363	54
4368	12
4369	13
4369	14
4370	12
4370	13
437	53
4375	2
4375	49
4376	3
4376	4
4376	49
4377	2
4377	3
4377	49
4379	53
4380	54
4380	55
438	54
438	55
4381	53
4381	54
4386	12
4387	13
4387	14
4388	12
4388	13
439	53
439	54
4393	2
4393	49
4394	3
4394	4
4394	49
4395	2
4395	3
4395	49
4397	53
4398	54
4398	55
4399	53
4399	54
4404	12
4405	13
4405	14
4406	12
4406	13
4411	2
4411	49
4412	3
4412	4
4412	49
4413	2
4413	3
4413	49
4415	53
4416	54
4416	55
4417	53
4417	54
4422	12
4423	13
4423	14
4424	12
4424	13
4429	2
4429	49
4430	3
4430	4
4430	49
4431	2
4431	3
4431	49
4433	53
4434	54
4434	55
4435	53
4435	54
4440	12
444	12
4441	13
4441	14
4442	12
4442	13
4447	2
4447	49
4448	3
4448	4
4448	49
4449	2
4449	3
4449	49
445	13
445	14
4451	53
4452	54
4452	55
4453	53
4453	54
4458	12
4459	13
4459	14
4460	12
4460	13
446	12
446	13
4465	2
4465	49
4466	3
4466	4
4466	49
4467	2
4467	3
4467	49
4469	53
4470	54
4470	55
4471	53
4471	54
4476	12
4477	13
4477	14
4478	12
4478	13
4483	2
4483	49
4484	3
4484	4
4484	49
4485	2
4485	3
4485	49
4487	53
4488	54
4488	55
4489	53
4489	54
4494	12
4495	13
4495	14
4496	12
4496	13
4501	2
4501	49
4502	3
4502	4
4502	49
4503	2
4503	3
4503	49
4505	53
4506	54
4506	55
4507	53
4507	54
451	2
451	49
4512	12
4513	13
4513	14
4514	12
4514	13
4519	2
4519	49
4520	3
4520	4
452	3
452	4
4520	49
452	49
4521	2
4521	3
4521	49
4523	53
4524	54
4524	55
4525	53
4525	54
4530	12
453	2
453	3
453	49
4531	13
4531	14
4532	12
4532	13
4537	2
4537	49
4538	3
4538	4
4538	49
4539	2
4539	3
4539	49
4541	53
4542	54
4542	55
4543	53
4543	54
4548	12
4549	13
4549	14
4550	12
4550	13
455	53
4555	2
4555	49
4556	3
4556	4
4556	49
4557	2
4557	3
4557	49
4559	53
4560	54
4560	55
456	54
456	55
4561	53
4561	54
4566	12
4567	13
4567	14
4568	12
4568	13
457	53
457	54
4573	2
4573	49
4574	3
4574	4
4574	49
4575	2
4575	3
4575	49
4577	53
4578	54
4578	55
4579	53
4579	54
4584	12
4585	13
4585	14
4586	12
4586	13
4591	2
4591	49
4592	3
4592	4
4592	49
4593	2
4593	3
4593	49
4595	53
4596	54
4596	55
4597	53
4597	54
4602	12
4603	13
4603	14
4604	12
4604	13
4609	2
4609	49
4610	3
4610	4
4610	49
4611	2
4611	3
4611	49
4613	53
4614	54
4614	55
4615	53
4615	54
4620	12
462	12
4621	13
4621	14
4622	12
4622	13
4627	2
4627	49
4628	3
4628	4
4628	49
4629	2
4629	3
4629	49
463	13
463	14
4631	53
4632	54
4632	55
4633	53
4633	54
4638	12
4639	13
4639	14
4640	12
4640	13
464	12
464	13
4645	2
4645	49
4646	3
4646	4
4646	49
4647	2
4647	3
4647	49
4649	53
4650	54
4650	55
4651	53
4651	54
4656	12
4657	13
4657	14
4658	12
4658	13
4663	2
4663	49
4664	3
4664	4
4664	49
4665	2
4665	3
4665	49
4667	53
4668	54
4668	55
4669	53
4669	54
4674	12
4675	13
4675	14
4676	12
4676	13
4681	2
4681	49
4682	3
4682	4
4682	49
4683	2
4683	3
4683	49
4685	53
4686	54
4686	55
4687	53
4687	54
469	2
469	49
4692	12
4693	13
4693	14
4694	12
4694	13
4699	2
4699	49
4700	3
4700	4
470	3
470	4
4700	49
470	49
4701	2
4701	3
4701	49
4703	53
4704	54
4704	55
4705	53
4705	54
4710	12
471	2
471	3
471	49
4711	13
4711	14
4712	12
4712	13
4717	2
4717	49
4718	3
4718	4
4718	49
4719	2
4719	3
4719	49
4721	53
4722	54
4722	55
4723	53
4723	54
4728	12
4729	13
4729	14
4730	12
4730	13
473	53
4735	2
4735	49
4736	3
4736	4
4736	49
4737	2
4737	3
4737	49
4739	53
4740	54
4740	55
474	54
474	55
4741	53
4741	54
4746	12
4747	13
4747	14
4748	12
4748	13
475	53
475	54
4753	2
4753	49
4754	3
4754	4
4754	49
4755	2
4755	3
4755	49
4757	53
4758	54
4758	55
4759	53
4759	54
4764	12
4765	13
4765	14
4766	12
4766	13
4771	2
4771	49
4772	3
4772	4
4772	49
4773	2
4773	3
4773	49
4775	53
4776	54
4776	55
4777	53
4777	54
4782	12
4783	13
4783	14
4784	12
4784	13
4789	2
4789	49
4790	3
4790	4
4790	49
4791	2
4791	3
4791	49
4793	53
4794	54
4794	55
4795	53
4795	54
4800	12
480	12
4801	13
4801	14
4802	12
4802	13
4807	2
4807	49
4808	3
4808	4
4808	49
4809	2
4809	3
4809	49
481	13
481	14
4811	53
4812	54
4812	55
4813	53
4813	54
4818	12
4819	13
4819	14
4820	12
4820	13
482	12
482	13
4825	2
4825	49
4826	3
4826	4
4826	49
4827	2
4827	3
4827	49
4829	53
4830	54
4830	55
4831	53
4831	54
4836	12
4837	13
4837	14
4838	12
4838	13
4843	2
4843	49
4844	3
4844	4
4844	49
4845	2
4845	3
4845	49
4847	53
4848	54
4848	55
4849	53
4849	54
4854	12
4855	13
4855	14
4856	12
4856	13
4861	2
4861	49
4862	3
4862	4
4862	49
4863	2
4863	3
4863	49
4865	53
4866	54
4866	55
4867	53
4867	54
487	2
487	49
4872	12
4873	13
4873	14
4874	12
4874	13
4879	2
4879	49
4880	3
4880	4
488	3
488	4
4880	49
488	49
4881	2
4881	3
4881	49
4883	53
4884	54
4884	55
4885	53
4885	54
4890	12
489	2
489	3
489	49
4891	13
4891	14
4892	12
4892	13
4897	2
4897	49
4898	3
4898	4
4898	49
4899	2
4899	3
4899	49
4901	53
4902	54
4902	55
4903	53
4903	54
4908	12
4909	13
4909	14
4910	12
4910	13
491	53
4915	2
4915	49
4916	3
4916	4
4916	49
4917	2
4917	3
4917	49
4919	53
4920	54
4920	55
492	54
492	55
4921	53
4921	54
4926	12
4927	13
4927	14
4928	12
4928	13
493	53
493	54
4933	2
4933	49
4934	3
4934	4
4934	49
4935	2
4935	3
4935	49
4937	53
4938	54
4938	55
4939	53
4939	54
4944	12
4945	13
4945	14
4946	12
4946	13
4951	2
4951	49
4952	3
4952	4
4952	49
4953	2
4953	3
4953	49
4955	53
4956	54
4956	55
4957	53
4957	54
4962	12
4963	13
4963	14
4964	12
4964	13
4969	2
4969	49
4970	3
4970	4
4970	49
4971	2
4971	3
4971	49
4973	53
4974	54
4974	55
4975	53
4975	54
4980	12
498	12
4981	13
4981	14
4982	12
4982	13
4987	2
4987	49
4988	3
4988	4
4988	49
4989	2
4989	3
4989	49
499	13
499	14
4991	53
4992	54
4992	55
4993	53
4993	54
4998	12
4999	13
4999	14
5000	12
5000	13
500	12
500	13
5005	2
5005	49
5006	3
5006	4
5006	49
5007	2
5007	3
5007	49
5009	53
5010	54
5010	55
5011	53
5011	54
5016	12
5017	13
5017	14
5018	12
5018	13
5023	2
5023	49
5024	3
5024	4
5024	49
5025	2
5025	3
5025	49
5027	53
5028	54
5028	55
5029	53
5029	54
5034	12
5035	13
5035	14
5036	12
5036	13
5041	2
5041	49
5042	3
5042	4
5042	49
5043	2
5043	3
5043	49
5045	53
5046	54
5046	55
5047	53
5047	54
505	2
505	49
5052	12
5053	13
5053	14
5054	12
5054	13
5059	2
5059	49
5060	3
5060	4
506	3
506	4
5060	49
506	49
5061	2
5061	3
5061	49
5063	53
5064	54
5064	55
5065	53
5065	54
5070	12
507	2
507	3
507	49
5071	13
5071	14
5072	12
5072	13
5077	2
5077	49
5078	3
5078	4
5078	49
5079	2
5079	3
5079	49
5081	53
5082	54
5082	55
5083	53
5083	54
5088	12
5089	13
5089	14
5090	12
5090	13
509	53
5095	2
5095	49
5096	3
5096	4
5096	49
5097	2
5097	3
5097	49
5099	53
5100	54
5100	55
510	54
510	55
5101	53
5101	54
5106	12
5107	13
5107	14
5108	12
5108	13
511	53
511	54
5113	2
5113	49
5114	3
5114	4
5114	49
5115	2
5115	3
5115	49
5117	53
5118	54
5118	55
5119	53
5119	54
5124	12
5125	13
5125	14
5126	12
5126	13
5131	2
5131	49
5132	3
5132	4
5132	49
5133	2
5133	3
5133	49
5135	53
5136	54
5136	55
5137	53
5137	54
5142	12
5143	13
5143	14
5144	12
5144	13
5149	2
5149	49
5150	3
5150	4
5150	49
5151	2
5151	3
5151	49
5153	53
5154	54
5154	55
5155	53
5155	54
5160	12
516	12
5161	13
5161	14
5162	12
5162	13
5167	2
5167	49
5168	3
5168	4
5168	49
5169	2
5169	3
5169	49
517	13
517	14
5171	53
5172	54
5172	55
5173	53
5173	54
5178	12
5179	13
5179	14
5180	12
5180	13
518	12
518	13
5185	2
5185	49
5186	3
5186	4
5186	49
5187	2
5187	3
5187	49
5189	53
5190	54
5190	55
5191	53
5191	54
5196	12
5197	13
5197	14
5198	12
5198	13
5203	2
5203	49
5204	3
5204	4
5204	49
5205	2
5205	3
5205	49
5207	53
5208	54
5208	55
5209	53
5209	54
5214	12
5215	13
5215	14
5216	12
5216	13
5221	2
5221	49
5222	3
5222	4
5222	49
5223	2
5223	3
5223	49
5225	53
5226	54
5226	55
5227	53
5227	54
523	2
523	49
5232	12
5233	13
5233	14
5234	12
5234	13
5239	2
5239	49
5240	3
5240	4
524	3
524	4
5240	49
524	49
5241	2
5241	3
5241	49
5243	53
5244	54
5244	55
5245	53
5245	54
5250	12
525	2
525	3
525	49
5251	13
5251	14
5252	12
5252	13
5257	2
5257	49
5258	3
5258	4
5258	49
5259	2
5259	3
5259	49
5261	53
5262	54
5262	55
5263	53
5263	54
5268	12
5269	13
5269	14
5270	12
5270	13
527	53
5275	2
5275	49
5276	3
5276	4
5276	49
5277	2
5277	3
5277	49
5279	53
5280	54
5280	55
528	54
528	55
5281	53
5281	54
5286	12
5287	13
5287	14
5288	12
5288	13
529	53
529	54
5293	2
5293	49
5294	3
5294	4
5294	49
5295	2
5295	3
5295	49
5297	53
5298	54
5298	55
5299	53
5299	54
5304	12
5305	13
5305	14
5306	12
5306	13
5311	2
5311	49
5312	3
5312	4
5312	49
5313	2
5313	3
5313	49
5315	53
5316	54
5316	55
5317	53
5317	54
5322	12
5323	13
5323	14
5324	12
5324	13
5329	2
5329	49
5330	3
5330	4
5330	49
5331	2
5331	3
5331	49
5333	53
5334	54
5334	55
5335	53
5335	54
5340	12
534	12
5341	13
5341	14
5342	12
5342	13
5347	2
5347	49
5348	3
5348	4
5348	49
5349	2
5349	3
5349	49
535	13
535	14
5351	53
5352	54
5352	55
5353	53
5353	54
5358	12
5359	13
5359	14
5360	12
5360	13
536	12
536	13
5365	2
5365	49
5366	3
5366	4
5366	49
5367	2
5367	3
5367	49
5369	53
5370	54
5370	55
5371	53
5371	54
5376	12
5377	13
5377	14
5378	12
5378	13
5383	2
5383	49
5384	3
5384	4
5384	49
5385	2
5385	3
5385	49
5387	53
5388	54
5388	55
5389	53
5389	54
5394	12
5395	13
5395	14
5396	12
5396	13
5401	2
5401	49
5402	3
5402	4
5402	49
5403	2
5403	3
5403	49
5405	53
5406	54
5406	55
5407	53
5407	54
541	2
541	49
5412	12
5413	13
5413	14
5414	12
5414	13
5419	2
5419	49
5420	3
5420	4
542	3
542	4
5420	49
542	49
5421	2
5421	3
5421	49
5423	53
5424	54
5424	55
5425	53
5425	54
5430	12
543	2
543	3
543	49
5431	13
5431	14
5432	12
5432	13
5437	2
5437	49
5438	3
5438	4
5438	49
5439	2
5439	3
5439	49
5441	53
5442	54
5442	55
5443	53
5443	54
5448	12
5449	13
5449	14
5450	12
5450	13
545	53
5455	2
5455	49
5456	3
5456	4
5456	49
5457	2
5457	3
5457	49
5459	53
5460	54
5460	55
546	54
546	55
5461	53
5461	54
5466	12
5467	13
5467	14
5468	12
5468	13
547	53
547	54
5473	2
5473	49
5474	3
5474	4
5474	49
5475	2
5475	3
5475	49
5477	53
5478	54
5478	55
5479	53
5479	54
5484	12
5485	13
5485	14
5486	12
5486	13
5491	2
5491	49
5492	3
5492	4
5492	49
5493	2
5493	3
5493	49
5495	53
5496	54
5496	55
5497	53
5497	54
5502	12
5503	13
5503	14
5504	12
5504	13
5509	2
5509	49
5510	3
5510	4
5510	49
5511	2
5511	3
5511	49
5513	53
5514	54
5514	55
5515	53
5515	54
5520	12
552	12
5521	13
5521	14
5522	12
5522	13
5527	2
5527	49
5528	3
5528	4
5528	49
5529	2
5529	3
5529	49
553	13
553	14
5531	53
5532	54
5532	55
5533	53
5533	54
5538	12
5539	13
5539	14
5540	12
5540	13
554	12
554	13
5545	2
5545	49
5546	3
5546	4
5546	49
5547	2
5547	3
5547	49
5549	53
5550	54
5550	55
5551	53
5551	54
5556	12
5557	13
5557	14
5558	12
5558	13
5563	2
5563	49
5564	3
5564	4
5564	49
5565	2
5565	3
5565	49
5567	53
5568	54
5568	55
5569	53
5569	54
5574	12
5575	13
5575	14
5576	12
5576	13
5581	2
5581	49
5582	3
5582	4
5582	49
5583	2
5583	3
5583	49
5585	53
5586	54
5586	55
5587	53
5587	54
559	2
559	49
5592	12
5593	13
5593	14
5594	12
5594	13
5599	2
5599	49
5600	3
5600	4
560	3
560	4
5600	49
560	49
5601	2
5601	3
5601	49
5603	53
5604	54
5604	55
5605	53
5605	54
5610	12
561	2
561	3
561	49
5611	13
5611	14
5612	12
5612	13
5617	2
5617	49
5618	3
5618	4
5618	49
5619	2
5619	3
5619	49
5621	53
5622	54
5622	55
5623	53
5623	54
5628	12
5629	13
5629	14
5630	12
5630	13
563	53
5635	2
5635	49
5636	3
5636	4
5636	49
5637	2
5637	3
5637	49
5639	53
5640	54
5640	55
564	54
564	55
5641	53
5641	54
5646	12
5647	13
5647	14
5648	12
5648	13
565	53
565	54
5653	2
5653	49
5654	3
5654	4
5654	49
5655	2
5655	3
5655	49
5657	53
5658	54
5658	55
5659	53
5659	54
5664	12
5665	13
5665	14
5666	12
5666	13
5671	2
5671	49
5672	3
5672	4
5672	49
5673	2
5673	3
5673	49
5675	53
5676	54
5676	55
5677	53
5677	54
5682	12
5683	13
5683	14
5684	12
5684	13
5689	2
5689	49
5690	3
5690	4
5690	49
5691	2
5691	3
5691	49
5693	53
5694	54
5694	55
5695	53
5695	54
5700	12
570	12
5701	13
5701	14
5702	12
5702	13
5707	2
5707	49
5708	3
5708	4
5708	49
5709	2
5709	3
5709	49
571	13
571	14
5711	53
5712	54
5712	55
5713	53
5713	54
5718	12
5719	13
5719	14
5720	12
5720	13
572	12
572	13
5725	2
5725	49
5726	3
5726	4
5726	49
5727	2
5727	3
5727	49
5729	53
5730	54
5730	55
5731	53
5731	54
5736	12
5737	13
5737	14
5738	12
5738	13
5743	2
5743	49
5744	3
5744	4
5744	49
5745	2
5745	3
5745	49
5747	53
5748	54
5748	55
5749	53
5749	54
5754	12
5755	13
5755	14
5756	12
5756	13
5761	2
5761	49
5762	3
5762	4
5762	49
5763	2
5763	3
5763	49
5765	53
5766	54
5766	55
5767	53
5767	54
577	2
577	49
5772	12
5773	13
5773	14
5774	12
5774	13
5779	2
5779	49
5780	3
5780	4
578	3
578	4
5780	49
578	49
5781	2
5781	3
5781	49
5783	53
5784	54
5784	55
5785	53
5785	54
5790	12
579	2
579	3
579	49
5791	13
5791	14
5792	12
5792	13
5797	2
5797	49
5798	3
5798	4
5798	49
5799	2
5799	3
5799	49
5801	53
5802	54
5802	55
5803	53
5803	54
5808	12
5809	13
5809	14
5810	12
5810	13
581	53
5815	2
5815	49
5816	3
5816	4
5816	49
5817	2
5817	3
5817	49
5819	53
5820	54
5820	55
582	54
582	55
5821	53
5821	54
5826	12
5827	13
5827	14
5828	12
5828	13
583	53
583	54
5833	2
5833	49
5834	3
5834	4
5834	49
5835	2
5835	3
5835	49
5837	53
5838	54
5838	55
5839	53
5839	54
5844	12
5845	13
5845	14
5846	12
5846	13
5851	2
5851	49
5852	3
5852	4
5852	49
5853	2
5853	3
5853	49
5855	53
5856	54
5856	55
5857	53
5857	54
5862	12
5863	13
5863	14
5864	12
5864	13
5869	2
5869	49
5870	3
5870	4
5870	49
5871	2
5871	3
5871	49
5873	53
5874	54
5874	55
5875	53
5875	54
5880	12
588	12
5881	13
5881	14
5882	12
5882	13
5887	2
5887	49
5888	3
5888	4
5888	49
5889	2
5889	3
5889	49
589	13
589	14
5891	53
5892	54
5892	55
5893	53
5893	54
5898	12
5899	13
5899	14
5900	12
5900	13
590	12
590	13
5905	2
5905	49
5906	3
5906	4
5906	49
5907	2
5907	3
5907	49
5909	53
5910	54
5910	55
5911	53
5911	54
5916	12
5917	13
5917	14
5918	12
5918	13
5923	2
5923	49
5924	3
5924	4
5924	49
5925	2
5925	3
5925	49
5927	53
5928	54
5928	55
5929	53
5929	54
5934	12
5935	13
5935	14
5936	12
5936	13
5941	2
5941	49
5942	3
5942	4
5942	49
5943	2
5943	3
5943	49
5945	53
5946	54
5946	55
5947	53
5947	54
595	2
595	49
5952	12
5953	13
5953	14
5954	12
5954	13
5959	2
5959	49
5960	3
5960	4
596	3
596	4
5960	49
596	49
5961	2
5961	3
5961	49
5963	53
5964	54
5964	55
5965	53
5965	54
5970	12
597	2
597	3
597	49
5971	13
5971	14
5972	12
5972	13
5977	2
5977	49
5978	3
5978	4
5978	49
5979	2
5979	3
5979	49
5981	53
5982	54
5982	55
5983	53
5983	54
5988	12
5989	13
5989	14
5990	12
5990	13
599	53
5995	2
5995	49
5996	3
5996	4
5996	49
5997	2
5997	3
5997	49
5999	53
6000	54
6000	55
600	54
600	55
6001	53
6001	54
6006	12
6007	13
6007	14
6008	12
6008	13
601	53
601	54
6013	2
6013	49
6014	3
6014	4
6014	49
6015	2
6015	3
6015	49
6017	53
6018	54
6018	55
6019	53
6019	54
6024	12
6025	13
6025	14
6026	12
6026	13
6031	2
6031	49
6032	3
6032	4
6032	49
6033	2
6033	3
6033	49
6035	53
6036	54
6036	55
6037	53
6037	54
6042	12
6043	13
6043	14
6044	12
6044	13
6049	2
6049	49
6050	3
6050	4
6050	49
6051	2
6051	3
6051	49
6053	53
6054	54
6054	55
6055	53
6055	54
6060	12
606	12
6061	13
6061	14
6062	12
6062	13
6067	2
6067	49
6068	3
6068	4
6068	49
6069	2
6069	3
6069	49
607	13
607	14
6071	53
6072	54
6072	55
6073	53
6073	54
6078	12
6079	13
6079	14
6080	12
6080	13
608	12
608	13
6085	2
6085	49
6086	3
6086	4
6086	49
6087	2
6087	3
6087	49
6089	53
6090	54
6090	55
6091	53
6091	54
6096	12
6097	13
6097	14
6098	12
6098	13
6103	2
6103	49
6104	3
6104	4
6104	49
6105	2
6105	3
6105	49
6107	53
6108	54
6108	55
6109	53
6109	54
6114	12
6115	13
6115	14
6116	12
6116	13
6121	2
6121	49
6122	3
6122	4
6122	49
6123	2
6123	3
6123	49
6125	53
6126	54
6126	55
6127	53
6127	54
613	2
613	49
6132	12
6133	13
6133	14
6134	12
6134	13
6139	2
6139	49
6140	3
6140	4
614	3
614	4
6140	49
614	49
6141	2
6141	3
6141	49
6143	53
6144	54
6144	55
6145	53
6145	54
6150	12
615	2
615	3
615	49
6151	13
6151	14
6152	12
6152	13
6157	2
6157	49
6158	3
6158	4
6158	49
6159	2
6159	3
6159	49
6161	53
6162	54
6162	55
6163	53
6163	54
6168	12
6169	13
6169	14
6170	12
6170	13
617	53
6175	2
6175	49
6176	3
6176	4
6176	49
6177	2
6177	3
6177	49
6179	53
6180	54
6180	55
618	54
618	55
6181	53
6181	54
6186	12
6187	13
6187	14
6188	12
6188	13
619	53
619	54
6193	2
6193	49
6194	3
6194	4
6194	49
6195	2
6195	3
6195	49
6197	53
6198	54
6198	55
6199	53
6199	54
6204	12
6205	13
6205	14
6206	12
6206	13
6211	2
6211	49
6212	3
6212	4
6212	49
6213	2
6213	3
6213	49
6215	53
6216	54
6216	55
6217	53
6217	54
6222	12
6223	13
6223	14
6224	12
6224	13
6229	2
6229	49
6230	3
6230	4
6230	49
6231	2
6231	3
6231	49
6233	53
6234	54
6234	55
6235	53
6235	54
6240	12
624	12
6241	13
6241	14
6242	12
6242	13
6247	2
6247	49
6248	3
6248	4
6248	49
6249	2
6249	3
6249	49
625	13
625	14
6251	53
6252	54
6252	55
6253	53
6253	54
6258	12
6259	13
6259	14
6260	12
6260	13
626	12
626	13
6265	2
6265	49
6266	3
6266	4
6266	49
6267	2
6267	3
6267	49
6269	53
6270	54
6270	55
6271	53
6271	54
6276	12
6277	13
6277	14
6278	12
6278	13
6283	2
6283	49
6284	3
6284	4
6284	49
6285	2
6285	3
6285	49
6287	53
6288	54
6288	55
6289	53
6289	54
6294	12
6295	13
6295	14
6296	12
6296	13
6301	2
6301	49
6302	3
6302	4
6302	49
6303	2
6303	3
6303	49
6305	53
6306	54
6306	55
6307	53
6307	54
631	2
631	49
6312	12
6313	13
6313	14
6314	12
6314	13
6319	2
6319	49
6320	3
6320	4
632	3
632	4
6320	49
632	49
6321	2
6321	3
6321	49
6323	53
6324	54
6324	55
6325	53
6325	54
6330	12
633	2
633	3
633	49
6331	13
6331	14
6332	12
6332	13
6337	2
6337	49
6338	3
6338	4
6338	49
6339	2
6339	3
6339	49
6341	53
6342	54
6342	55
6343	53
6343	54
6348	12
6349	13
6349	14
6350	12
6350	13
635	53
6355	2
6355	49
6356	3
6356	4
6356	49
6357	2
6357	3
6357	49
6359	53
6360	54
6360	55
636	54
636	55
6361	53
6361	54
6366	12
6367	13
6367	14
6368	12
6368	13
637	53
637	54
6373	2
6373	49
6374	3
6374	4
6374	49
6375	2
6375	3
6375	49
6377	53
6378	54
6378	55
6379	53
6379	54
6384	12
6385	13
6385	14
6386	12
6386	13
6391	2
6391	49
6392	3
6392	4
6392	49
6393	2
6393	3
6393	49
6395	53
6396	54
6396	55
6397	53
6397	54
6402	12
6403	13
6403	14
6404	12
6404	13
6409	2
6409	49
6410	3
6410	4
6410	49
6411	2
6411	3
6411	49
6413	53
6414	54
6414	55
6415	53
6415	54
6420	12
642	12
6421	13
6421	14
6422	12
6422	13
6427	2
6427	49
6428	3
6428	4
6428	49
6429	2
6429	3
6429	49
643	13
643	14
6431	53
6432	54
6432	55
6433	53
6433	54
6438	12
6439	13
6439	14
6440	12
6440	13
644	12
644	13
6445	2
6445	49
6446	3
6446	4
6446	49
6447	2
6447	3
6447	49
6449	53
6450	54
6450	55
6451	53
6451	54
6456	12
6457	13
6457	14
6458	12
6458	13
6463	2
6463	49
6464	3
6464	4
6464	49
6465	2
6465	3
6465	49
6467	53
6468	54
6468	55
6469	53
6469	54
6474	12
6475	13
6475	14
6476	12
6476	13
6481	2
6481	49
6482	3
6482	4
6482	49
6483	2
6483	3
6483	49
6485	53
6486	54
6486	55
6487	53
6487	54
649	2
649	49
6492	12
6493	13
6493	14
6494	12
6494	13
6499	2
6499	49
6500	3
6500	4
650	3
650	4
6500	49
650	49
6501	2
6501	3
6501	49
6503	53
6504	54
6504	55
6505	53
6505	54
6510	12
651	2
651	3
651	49
6511	13
6511	14
6512	12
6512	13
6517	2
6517	49
6518	3
6518	4
6518	49
6519	2
6519	3
6519	49
6521	53
6522	54
6522	55
6523	53
6523	54
6528	12
6529	13
6529	14
6530	12
6530	13
653	53
6535	2
6535	49
6536	3
6536	4
6536	49
6537	2
6537	3
6537	49
6539	53
6540	54
6540	55
654	54
654	55
6541	53
6541	54
6546	12
6547	13
6547	14
6548	12
6548	13
655	53
655	54
6553	2
6553	49
6554	3
6554	4
6554	49
6555	2
6555	3
6555	49
6557	53
6558	54
6558	55
6559	53
6559	54
6564	12
6565	13
6565	14
6566	12
6566	13
6571	2
6571	49
6572	3
6572	4
6572	49
6573	2
6573	3
6573	49
6575	53
6576	54
6576	55
6577	53
6577	54
6582	12
6583	13
6583	14
6584	12
6584	13
6589	2
6589	49
6590	3
6590	4
6590	49
6591	2
6591	3
6591	49
6593	53
6594	54
6594	55
6595	53
6595	54
6600	12
660	12
6601	13
6601	14
6602	12
6602	13
6607	2
6607	49
6608	3
6608	4
6608	49
6609	2
6609	3
6609	49
661	13
661	14
6611	53
6612	54
6612	55
6613	53
6613	54
6618	12
6619	13
6619	14
6620	12
6620	13
662	12
662	13
6625	2
6625	49
6626	3
6626	4
6626	49
6627	2
6627	3
6627	49
6629	53
6630	54
6630	55
6631	53
6631	54
6636	12
6637	13
6637	14
6638	12
6638	13
6643	2
6643	49
6644	3
6644	4
6644	49
6645	2
6645	3
6645	49
6647	53
6648	54
6648	55
6649	53
6649	54
6654	12
6655	13
6655	14
6656	12
6656	13
6661	2
6661	49
6662	3
6662	4
6662	49
6663	2
6663	3
6663	49
6665	53
6666	54
6666	55
6667	53
6667	54
667	2
667	49
6672	12
6673	13
6673	14
6674	12
6674	13
6679	2
6679	49
6680	3
6680	4
668	3
668	4
6680	49
668	49
6681	2
6681	3
6681	49
6683	53
6684	54
6684	55
6685	53
6685	54
6690	12
669	2
669	3
669	49
6691	13
6691	14
6692	12
6692	13
6697	2
6697	49
6698	3
6698	4
6698	49
6699	2
6699	3
6699	49
6701	53
6702	54
6702	55
6703	53
6703	54
6708	12
6709	13
6709	14
6710	12
6710	13
671	53
6715	2
6715	49
6716	3
6716	4
6716	49
6717	2
6717	3
6717	49
6719	53
6720	54
6720	55
672	54
672	55
6721	53
6721	54
6726	12
6727	13
6727	14
6728	12
6728	13
673	53
673	54
6733	2
6733	49
6734	3
6734	4
6734	49
6735	2
6735	3
6735	49
6737	53
6738	54
6738	55
6739	53
6739	54
6744	12
6745	13
6745	14
6746	12
6746	13
6751	2
6751	49
6752	3
6752	4
6752	49
6753	2
6753	3
6753	49
6755	53
6756	54
6756	55
6757	53
6757	54
6762	12
6763	13
6763	14
6764	12
6764	13
6769	2
6769	49
6770	3
6770	4
6770	49
6771	2
6771	3
6771	49
6773	53
6774	54
6774	55
6775	53
6775	54
6780	12
678	12
6781	13
6781	14
6782	12
6782	13
6787	2
6787	49
6788	3
6788	4
6788	49
6789	2
6789	3
6789	49
679	13
679	14
6791	53
6792	54
6792	55
6793	53
6793	54
6798	12
6799	13
6799	14
6800	12
6800	13
680	12
680	13
6805	2
6805	49
6806	3
6806	4
6806	49
6807	2
6807	3
6807	49
6809	53
6810	54
6810	55
6811	53
6811	54
6816	12
6817	13
6817	14
6818	12
6818	13
6823	2
6823	49
6824	3
6824	4
6824	49
6825	2
6825	3
6825	49
6827	53
6828	54
6828	55
6829	53
6829	54
6834	12
6835	13
6835	14
6836	12
6836	13
6841	2
6841	49
6842	3
6842	4
6842	49
6843	2
6843	3
6843	49
6845	53
6846	54
6846	55
6847	53
6847	54
685	2
685	49
6852	12
6853	13
6853	14
6854	12
6854	13
6859	2
6859	49
6860	3
6860	4
686	3
686	4
6860	49
686	49
6861	2
6861	3
6861	49
6863	53
6864	54
6864	55
6865	53
6865	54
6870	12
687	2
687	3
687	49
6871	13
6871	14
6872	12
6872	13
6877	2
6877	49
6878	3
6878	4
6878	49
6879	2
6879	3
6879	49
6881	53
6882	54
6882	55
6883	53
6883	54
6888	12
6889	13
6889	14
6890	12
6890	13
689	53
6895	2
6895	49
6896	3
6896	4
6896	49
6897	2
6897	3
6897	49
6899	53
6900	54
6900	55
690	54
690	55
6901	53
6901	54
6906	12
6907	13
6907	14
6908	12
6908	13
691	53
691	54
6913	2
6913	49
6914	3
6914	4
6914	49
6915	2
6915	3
6915	49
6917	53
6918	54
6918	55
6919	53
6919	54
6924	12
6925	13
6925	14
6926	12
6926	13
6931	2
6931	49
6932	3
6932	4
6932	49
6933	2
6933	3
6933	49
6935	53
6936	54
6936	55
6937	53
6937	54
6942	12
6943	13
6943	14
6944	12
6944	13
6949	2
6949	49
6950	3
6950	4
6950	49
6951	2
6951	3
6951	49
6953	53
6954	54
6954	55
6955	53
6955	54
6960	12
696	12
6961	13
6961	14
6962	12
6962	13
6967	2
6967	49
6968	3
6968	4
6968	49
6969	2
6969	3
6969	49
697	13
697	14
6971	53
6972	54
6972	55
6973	53
6973	54
6978	12
6979	13
6979	14
6980	12
6980	13
698	12
698	13
6985	2
6985	49
6986	3
6986	4
6986	49
6987	2
6987	3
6987	49
6989	53
6990	54
6990	55
6991	53
6991	54
6996	12
6997	13
6997	14
6998	12
6998	13
7003	2
7003	49
7004	3
7004	4
7004	49
7005	2
7005	3
7005	49
7007	53
7008	54
7008	55
7009	53
7009	54
7014	12
7015	13
7015	14
7016	12
7016	13
7021	2
7021	49
7022	3
7022	4
7022	49
7023	2
7023	3
7023	49
7025	53
7026	54
7026	55
7027	53
7027	54
703	2
703	49
7032	12
7033	13
7033	14
7034	12
7034	13
7039	2
7039	49
7040	3
7040	4
704	3
704	4
7040	49
704	49
7041	2
7041	3
7041	49
7043	53
7044	54
7044	55
7045	53
7045	54
7050	12
705	2
705	3
705	49
7051	13
7051	14
7052	12
7052	13
7057	2
7057	49
7058	3
7058	4
7058	49
7059	2
7059	3
7059	49
7061	53
7062	54
7062	55
7063	53
7063	54
7068	12
7069	13
7069	14
7070	12
7070	13
707	53
7075	2
7075	49
7076	3
7076	4
7076	49
7077	2
7077	3
7077	49
7079	53
7080	54
7080	55
708	54
708	55
7081	53
7081	54
7086	12
7087	13
7087	14
7088	12
7088	13
709	53
709	54
7093	2
7093	49
7094	3
7094	4
7094	49
7095	2
7095	3
7095	49
7097	53
7098	54
7098	55
7099	53
7099	54
7104	12
7105	13
7105	14
7106	12
7106	13
7111	2
7111	49
7112	3
7112	4
7112	49
7113	2
7113	3
7113	49
7115	53
7116	54
7116	55
7117	53
7117	54
7122	12
7123	13
7123	14
7124	12
7124	13
7129	2
7129	49
7130	3
7130	4
7130	49
7131	2
7131	3
7131	49
7133	53
7134	54
7134	55
7135	53
7135	54
7140	12
714	12
7141	13
7141	14
7142	12
7142	13
7147	2
7147	49
7148	3
7148	4
7148	49
7149	2
7149	3
7149	49
715	13
715	14
7151	53
7152	54
7152	55
7153	53
7153	54
7158	12
7159	13
7159	14
7160	12
7160	13
716	12
716	13
7165	2
7165	49
7166	3
7166	4
7166	49
7167	2
7167	3
7167	49
7169	53
7170	54
7170	55
7171	53
7171	54
7176	12
7177	13
7177	14
7178	12
7178	13
7183	2
7183	49
7184	3
7184	4
7184	49
7185	2
7185	3
7185	49
7187	53
7188	54
7188	55
7189	53
7189	54
7194	12
7195	13
7195	14
7196	12
7196	13
7201	2
7201	49
7202	3
7202	4
7202	49
7203	2
7203	3
7203	49
7205	53
7206	54
7206	55
7207	53
7207	54
721	2
721	49
7212	12
7213	13
7213	14
7214	12
7214	13
7219	2
7219	49
7220	3
7220	4
722	3
722	4
7220	49
722	49
7221	2
7221	3
7221	49
7223	53
7224	54
7224	55
7225	53
7225	54
7230	12
723	2
723	3
723	49
7231	13
7231	14
7232	12
7232	13
7237	2
7237	49
7238	3
7238	4
7238	49
7239	2
7239	3
7239	49
7241	53
7242	54
7242	55
7243	53
7243	54
7248	12
7249	13
7249	14
7250	12
7250	13
725	53
7255	2
7255	49
7256	3
7256	4
7256	49
7257	2
7257	3
7257	49
7259	53
7260	54
7260	55
726	54
726	55
7261	53
7261	54
7266	12
7267	13
7267	14
7268	12
7268	13
727	53
727	54
7273	2
7273	49
7274	3
7274	4
7274	49
7275	2
7275	3
7275	49
7277	53
7278	54
7278	55
7279	53
7279	54
7284	12
7285	13
7285	14
7286	12
7286	13
7291	2
7291	49
7292	3
7292	4
7292	49
7293	2
7293	3
7293	49
7295	53
7296	54
7296	55
7297	53
7297	54
7302	12
7303	13
7303	14
7304	12
7304	13
7309	2
7309	49
7310	3
7310	4
7310	49
7311	2
7311	3
7311	49
7313	53
7314	54
7314	55
7315	53
7315	54
7320	12
732	12
7321	13
7321	14
7322	12
7322	13
7327	2
7327	49
7328	3
7328	4
7328	49
7329	2
7329	3
7329	49
733	13
733	14
7331	53
7332	54
7332	55
7333	53
7333	54
7338	12
7339	13
7339	14
7340	12
7340	13
734	12
734	13
7345	2
7345	49
7346	3
7346	4
7346	49
7347	2
7347	3
7347	49
7349	53
7350	54
7350	55
7351	53
7351	54
7356	12
7357	13
7357	14
7358	12
7358	13
7363	2
7363	49
7364	3
7364	4
7364	49
7365	2
7365	3
7365	49
7367	53
7368	54
7368	55
7369	53
7369	54
7374	12
7375	13
7375	14
7376	12
7376	13
7381	2
7381	49
7382	3
7382	4
7382	49
7383	2
7383	3
7383	49
7385	53
7386	54
7386	55
7387	53
7387	54
739	2
739	49
7392	12
7393	13
7393	14
7394	12
7394	13
7399	2
7399	49
7400	3
7400	4
740	3
740	4
7400	49
740	49
7401	2
7401	3
7401	49
7403	53
7404	54
7404	55
7405	53
7405	54
7410	12
741	2
741	3
741	49
7411	13
7411	14
7412	12
7412	13
7417	2
7417	49
7418	3
7418	4
7418	49
7419	2
7419	3
7419	49
7421	53
7422	54
7422	55
7423	53
7423	54
7428	12
7429	13
7429	14
7430	12
7430	13
743	53
7435	2
7435	49
7436	3
7436	4
7436	49
7437	2
7437	3
7437	49
7439	53
7440	54
7440	55
744	54
744	55
7441	53
7441	54
7446	12
7447	13
7447	14
7448	12
7448	13
745	53
745	54
7453	2
7453	49
7454	3
7454	4
7454	49
7455	2
7455	3
7455	49
7457	53
7458	54
7458	55
7459	53
7459	54
7464	12
7465	13
7465	14
7466	12
7466	13
7471	2
7471	49
7472	3
7472	4
7472	49
7473	2
7473	3
7473	49
7475	53
7476	54
7476	55
7477	53
7477	54
7482	12
7483	13
7483	14
7484	12
7484	13
7489	2
7489	49
7490	3
7490	4
7490	49
7491	2
7491	3
7491	49
7493	53
7494	54
7494	55
7495	53
7495	54
7500	12
750	12
7501	13
7501	14
7502	12
7502	13
7507	2
7507	49
7508	3
7508	4
7508	49
7509	2
7509	3
7509	49
751	13
751	14
7511	53
7512	54
7512	55
7513	53
7513	54
7518	12
7519	13
7519	14
7520	12
7520	13
752	12
752	13
7525	2
7525	49
7526	3
7526	4
7526	49
7527	2
7527	3
7527	49
7529	53
7530	54
7530	55
7531	53
7531	54
7536	12
7537	13
7537	14
7538	12
7538	13
7543	2
7543	49
7544	3
7544	4
7544	49
7545	2
7545	3
7545	49
7547	53
7548	54
7548	55
7549	53
7549	54
7554	12
7555	13
7555	14
7556	12
7556	13
7561	2
7561	49
7562	3
7562	4
7562	49
7563	2
7563	3
7563	49
7565	53
7566	54
7566	55
7567	53
7567	54
757	2
757	49
7572	12
7573	13
7573	14
7574	12
7574	13
7579	2
7579	49
7580	3
7580	4
758	3
758	4
7580	49
758	49
7581	2
7581	3
7581	49
7583	53
7584	54
7584	55
7585	53
7585	54
7590	12
759	2
759	3
759	49
7591	13
7591	14
7592	12
7592	13
7597	2
7597	49
7598	3
7598	4
7598	49
7599	2
7599	3
7599	49
7601	53
7602	54
7602	55
7603	53
7603	54
7608	12
7609	13
7609	14
7610	12
7610	13
761	53
7615	2
7615	49
7616	3
7616	4
7616	49
7617	2
7617	3
7617	49
7619	53
7620	54
7620	55
762	54
762	55
7621	53
7621	54
7626	12
7627	13
7627	14
7628	12
7628	13
763	53
763	54
7633	2
7633	49
7634	3
7634	4
7634	49
7635	2
7635	3
7635	49
7637	53
7638	54
7638	55
7639	53
7639	54
7644	12
7645	13
7645	14
7646	12
7646	13
7651	2
7651	49
7652	3
7652	4
7652	49
7653	2
7653	3
7653	49
7655	53
7656	54
7656	55
7657	53
7657	54
7662	12
7663	13
7663	14
7664	12
7664	13
7669	2
7669	49
7670	3
7670	4
7670	49
7671	2
7671	3
7671	49
7673	53
7674	54
7674	55
7675	53
7675	54
7680	12
768	12
7681	13
7681	14
7682	12
7682	13
7687	2
7687	49
7688	3
7688	4
7688	49
7689	2
7689	3
7689	49
769	13
769	14
7691	53
7692	54
7692	55
7693	53
7693	54
7698	12
7699	13
7699	14
7700	12
7700	13
770	12
770	13
7705	2
7705	49
7706	3
7706	4
7706	49
7707	2
7707	3
7707	49
7709	53
7710	54
7710	55
7711	53
7711	54
7716	12
7717	13
7717	14
7718	12
7718	13
7723	2
7723	49
7724	3
7724	4
7724	49
7725	2
7725	3
7725	49
7727	53
7728	54
7728	55
7729	53
7729	54
7734	12
7735	13
7735	14
7736	12
7736	13
7741	2
7741	49
7742	3
7742	4
7742	49
7743	2
7743	3
7743	49
7745	53
7746	54
7746	55
7747	53
7747	54
775	2
775	49
7752	12
7753	13
7753	14
7754	12
7754	13
7759	2
7759	49
7760	3
7760	4
776	3
776	4
7760	49
776	49
7761	2
7761	3
7761	49
7763	53
7764	54
7764	55
7765	53
7765	54
7770	12
777	2
777	3
777	49
7771	13
7771	14
7772	12
7772	13
7777	2
7777	49
7778	3
7778	4
7778	49
7779	2
7779	3
7779	49
7781	53
7782	54
7782	55
7783	53
7783	54
7788	12
7789	13
7789	14
7790	12
7790	13
779	53
7795	2
7795	49
7796	3
7796	4
7796	49
7797	2
7797	3
7797	49
7799	53
7800	54
7800	55
780	54
780	55
7801	53
7801	54
7806	12
7807	13
7807	14
7808	12
7808	13
781	53
781	54
7813	2
7813	49
7814	3
7814	4
7814	49
7815	2
7815	3
7815	49
7817	53
7818	54
7818	55
7819	53
7819	54
7824	12
7825	13
7825	14
7826	12
7826	13
7831	2
7831	49
7832	3
7832	4
7832	49
7833	2
7833	3
7833	49
7835	53
7836	54
7836	55
7837	53
7837	54
7842	12
7843	13
7843	14
7844	12
7844	13
7849	2
7849	49
7850	3
7850	4
7850	49
7851	2
7851	3
7851	49
7853	53
7854	54
7854	55
7855	53
7855	54
7860	12
786	12
7861	13
7861	14
7862	12
7862	13
7867	2
7867	49
7868	3
7868	4
7868	49
7869	2
7869	3
7869	49
787	13
787	14
7871	53
7872	54
7872	55
7873	53
7873	54
7878	12
7879	13
7879	14
7880	12
7880	13
788	12
788	13
7885	2
7885	49
7886	3
7886	4
7886	49
7887	2
7887	3
7887	49
7889	53
7890	54
7890	55
7891	53
7891	54
7896	12
7897	13
7897	14
7898	12
7898	13
7903	2
7903	49
7904	3
7904	4
7904	49
7905	2
7905	3
7905	49
7907	53
7908	54
7908	55
7909	53
7909	54
7914	12
7915	13
7915	14
7916	12
7916	13
7921	2
7921	49
7922	3
7922	4
7922	49
7923	2
7923	3
7923	49
7925	53
7926	54
7926	55
7927	53
7927	54
793	2
793	49
7932	12
7933	13
7933	14
7934	12
7934	13
7939	2
7939	49
7940	3
7940	4
794	3
794	4
7940	49
794	49
7941	2
7941	3
7941	49
7943	53
7944	54
7944	55
7945	53
7945	54
7950	12
795	2
795	3
795	49
7951	13
7951	14
7952	12
7952	13
7957	2
7957	49
7958	3
7958	4
7958	49
7959	2
7959	3
7959	49
7961	53
7962	54
7962	55
7963	53
7963	54
7968	12
7969	13
7969	14
7970	12
7970	13
797	53
7975	2
7975	49
7976	3
7976	4
7976	49
7977	2
7977	3
7977	49
7979	53
7980	54
7980	55
798	54
798	55
7981	53
7981	54
7986	12
7987	13
7987	14
7988	12
7988	13
799	53
799	54
7993	2
7993	49
7994	3
7994	4
7994	49
7995	2
7995	3
7995	49
7997	53
7998	54
7998	55
7999	53
7999	54
8004	12
8005	13
8005	14
8006	12
8006	13
8011	2
8011	49
8012	3
8012	4
8012	49
8013	2
8013	3
8013	49
8015	53
8016	54
8016	55
8017	53
8017	54
8022	12
8023	13
8023	14
8024	12
8024	13
8029	2
8029	49
8030	3
8030	4
8030	49
8031	2
8031	3
8031	49
8033	53
8034	54
8034	55
8035	53
8035	54
8040	12
804	12
8041	13
8041	14
8042	12
8042	13
8047	2
8047	49
8048	3
8048	4
8048	49
8049	2
8049	3
8049	49
805	13
805	14
8051	53
8052	54
8052	55
8053	53
8053	54
8058	12
8059	13
8059	14
8060	12
8060	13
806	12
806	13
8065	2
8065	49
8066	3
8066	4
8066	49
8067	2
8067	3
8067	49
8069	53
8070	54
8070	55
8071	53
8071	54
8076	12
8077	13
8077	14
8078	12
8078	13
8083	2
8083	49
8084	3
8084	4
8084	49
8085	2
8085	3
8085	49
8087	53
8088	54
8088	55
8089	53
8089	54
8094	12
8095	13
8095	14
8096	12
8096	13
8101	2
8101	49
8102	3
8102	4
8102	49
8103	2
8103	3
8103	49
8105	53
8106	54
8106	55
8107	53
8107	54
811	2
811	49
8112	12
8113	13
8113	14
8114	12
8114	13
8119	2
8119	49
8120	3
8120	4
812	3
812	4
8120	49
812	49
8121	2
8121	3
8121	49
8123	53
8124	54
8124	55
8125	53
8125	54
8130	12
813	2
813	3
813	49
8131	13
8131	14
8132	12
8132	13
8137	2
8137	49
8138	3
8138	4
8138	49
8139	2
8139	3
8139	49
8141	53
8142	54
8142	55
8143	53
8143	54
8148	12
8149	13
8149	14
8150	12
8150	13
815	53
8155	2
8155	49
8156	3
8156	4
8156	49
8157	2
8157	3
8157	49
8159	53
8160	54
8160	55
816	54
816	55
8161	53
8161	54
8166	12
8167	13
8167	14
8168	12
8168	13
817	53
817	54
8173	2
8173	49
8174	3
8174	4
8174	49
8175	2
8175	3
8175	49
8177	53
8178	54
8178	55
8179	53
8179	54
8184	12
8185	13
8185	14
8186	12
8186	13
8191	2
8191	49
8192	3
8192	4
8192	49
8193	2
8193	3
8193	49
8195	53
8196	54
8196	55
8197	53
8197	54
8202	12
8203	13
8203	14
8204	12
8204	13
8209	2
8209	49
8210	3
8210	4
8210	49
8211	2
8211	3
8211	49
8213	53
8214	54
8214	55
8215	53
8215	54
8220	12
822	12
8221	13
8221	14
8222	12
8222	13
8227	2
8227	49
8228	3
8228	4
8228	49
8229	2
8229	3
8229	49
823	13
823	14
8231	53
8232	54
8232	55
8233	53
8233	54
8238	12
8239	13
8239	14
8240	12
8240	13
824	12
824	13
8245	2
8245	49
8246	3
8246	4
8246	49
8247	2
8247	3
8247	49
8249	53
8250	54
8250	55
8251	53
8251	54
8256	12
8257	13
8257	14
8258	12
8258	13
8263	2
8263	49
8264	3
8264	4
8264	49
8265	2
8265	3
8265	49
8267	53
8268	54
8268	55
8269	53
8269	54
8274	12
8275	13
8275	14
8276	12
8276	13
8281	2
8281	49
8282	3
8282	4
8282	49
8283	2
8283	3
8283	49
8285	53
8286	54
8286	55
8287	53
8287	54
829	2
829	49
8292	12
8293	13
8293	14
8294	12
8294	13
8299	2
8299	49
8300	3
8300	4
830	3
830	4
8300	49
830	49
8301	2
8301	3
8301	49
8303	53
8304	54
8304	55
8305	53
8305	54
8310	12
831	2
831	3
831	49
8311	13
8311	14
8312	12
8312	13
8317	2
8317	49
8318	3
8318	4
8318	49
8319	2
8319	3
8319	49
8321	53
8322	54
8322	55
8323	53
8323	54
8328	12
8329	13
8329	14
8330	12
8330	13
833	53
8335	2
8335	49
8336	3
8336	4
8336	49
8337	2
8337	3
8337	49
8339	53
8340	54
8340	55
834	54
834	55
8341	53
8341	54
8346	12
8347	13
8347	14
8348	12
8348	13
835	53
835	54
8353	2
8353	49
8354	3
8354	4
8354	49
8355	2
8355	3
8355	49
8357	53
8358	54
8358	55
8359	53
8359	54
8364	12
8365	13
8365	14
8366	12
8366	13
8371	2
8371	49
8372	3
8372	4
8372	49
8373	2
8373	3
8373	49
8375	53
8376	54
8376	55
8377	53
8377	54
8382	12
8383	13
8383	14
8384	12
8384	13
8389	2
8389	49
8390	3
8390	4
8390	49
8391	2
8391	3
8391	49
8393	53
8394	54
8394	55
8395	53
8395	54
8400	12
840	12
8401	13
8401	14
8402	12
8402	13
8407	2
8407	49
8408	3
8408	4
8408	49
8409	2
8409	3
8409	49
841	13
841	14
8411	53
8412	54
8412	55
8413	53
8413	54
8418	12
8419	13
8419	14
8420	12
8420	13
842	12
842	13
8425	2
8425	49
8426	3
8426	4
8426	49
8427	2
8427	3
8427	49
8429	53
8430	54
8430	55
8431	53
8431	54
8436	12
8437	13
8437	14
8438	12
8438	13
8443	2
8443	49
8444	3
8444	4
8444	49
8445	2
8445	3
8445	49
8447	53
8448	54
8448	55
8449	53
8449	54
8454	12
8455	13
8455	14
8456	12
8456	13
8461	2
8461	49
8462	3
8462	4
8462	49
8463	2
8463	3
8463	49
8465	53
8466	54
8466	55
8467	53
8467	54
847	2
847	49
8472	12
8473	13
8473	14
8474	12
8474	13
8479	2
8479	49
8480	3
8480	4
848	3
848	4
8480	49
848	49
8481	2
8481	3
8481	49
8483	53
8484	54
8484	55
8485	53
8485	54
8490	12
849	2
849	3
849	49
8491	13
8491	14
8492	12
8492	13
8497	2
8497	49
8498	3
8498	4
8498	49
8499	2
8499	3
8499	49
8501	53
8502	54
8502	55
8503	53
8503	54
8508	12
8509	13
8509	14
8510	12
8510	13
851	53
8515	2
8515	49
8516	3
8516	4
8516	49
8517	2
8517	3
8517	49
8519	53
8520	54
8520	55
852	54
852	55
8521	53
8521	54
8526	12
8527	13
8527	14
8528	12
8528	13
853	53
853	54
8533	2
8533	49
8534	3
8534	4
8534	49
8535	2
8535	3
8535	49
8537	53
8538	54
8538	55
8539	53
8539	54
8544	12
8545	13
8545	14
8546	12
8546	13
8551	2
8551	49
8552	3
8552	4
8552	49
8553	2
8553	3
8553	49
8555	53
8556	54
8556	55
8557	53
8557	54
8562	12
8563	13
8563	14
8564	12
8564	13
8569	2
8569	49
8570	3
8570	4
8570	49
8571	2
8571	3
8571	49
8573	53
8574	54
8574	55
8575	53
8575	54
8580	12
858	12
8581	13
8581	14
8582	12
8582	13
8587	2
8587	49
8588	3
8588	4
8588	49
8589	2
8589	3
8589	49
859	13
859	14
8591	53
8592	54
8592	55
8593	53
8593	54
8598	12
8599	13
8599	14
8600	12
8600	13
860	12
860	13
8605	2
8605	49
8606	3
8606	4
8606	49
8607	2
8607	3
8607	49
8609	53
8610	54
8610	55
8611	53
8611	54
8616	12
8617	13
8617	14
8618	12
8618	13
8623	2
8623	49
8624	3
8624	4
8624	49
8625	2
8625	3
8625	49
8627	53
8628	54
8628	55
8629	53
8629	54
8634	12
8635	13
8635	14
8636	12
8636	13
8641	2
8641	49
8642	3
8642	4
8642	49
8643	2
8643	3
8643	49
8645	53
8646	54
8646	55
8647	53
8647	54
865	2
865	49
8652	12
8653	13
8653	14
8654	12
8654	13
8659	2
8659	49
8660	3
8660	4
866	3
866	4
8660	49
866	49
8661	2
8661	3
8661	49
8663	53
8664	54
8664	55
8665	53
8665	54
8670	12
867	2
867	3
867	49
8671	13
8671	14
8672	12
8672	13
8677	2
8677	49
8678	3
8678	4
8678	49
8679	2
8679	3
8679	49
8681	53
8682	54
8682	55
8683	53
8683	54
8688	12
8689	13
8689	14
8690	12
8690	13
869	53
8695	2
8695	49
8696	3
8696	4
8696	49
8697	2
8697	3
8697	49
8699	53
8700	54
8700	55
870	54
870	55
8701	53
8701	54
8706	12
8707	13
8707	14
8708	12
8708	13
871	53
871	54
8713	2
8713	49
8714	3
8714	4
8714	49
8715	2
8715	3
8715	49
8717	53
8718	54
8718	55
8719	53
8719	54
8724	12
8725	13
8725	14
8726	12
8726	13
8731	2
8731	49
8732	3
8732	4
8732	49
8733	2
8733	3
8733	49
8735	53
8736	54
8736	55
8737	53
8737	54
8742	12
8743	13
8743	14
8744	12
8744	13
8749	2
8749	49
8750	3
8750	4
8750	49
8751	2
8751	3
8751	49
8753	53
8754	54
8754	55
8755	53
8755	54
8760	12
876	12
8761	13
8761	14
8762	12
8762	13
8767	2
8767	49
8768	3
8768	4
8768	49
8769	2
8769	3
8769	49
877	13
877	14
8771	53
8772	54
8772	55
8773	53
8773	54
8778	12
8779	13
8779	14
8780	12
8780	13
878	12
878	13
8785	2
8785	49
8786	3
8786	4
8786	49
8787	2
8787	3
8787	49
8789	53
8790	54
8790	55
8791	53
8791	54
8796	12
8797	13
8797	14
8798	12
8798	13
8803	2
8803	49
8804	3
8804	4
8804	49
8805	2
8805	3
8805	49
8807	53
8808	54
8808	55
8809	53
8809	54
8814	12
8815	13
8815	14
8816	12
8816	13
8821	2
8821	49
8822	3
8822	4
8822	49
8823	2
8823	3
8823	49
8825	53
8826	54
8826	55
8827	53
8827	54
883	2
883	49
8832	12
8833	13
8833	14
8834	12
8834	13
8839	2
8839	49
8840	3
8840	4
884	3
884	4
8840	49
884	49
8841	2
8841	3
8841	49
8843	53
8844	54
8844	55
8845	53
8845	54
8850	12
885	2
885	3
885	49
8851	13
8851	14
8852	12
8852	13
8857	2
8857	49
8858	3
8858	4
8858	49
8859	2
8859	3
8859	49
8861	53
8862	54
8862	55
8863	53
8863	54
8868	12
8869	13
8869	14
8870	12
8870	13
887	53
8875	2
8875	49
8876	3
8876	4
8876	49
8877	2
8877	3
8877	49
8879	53
8880	54
8880	55
888	54
888	55
8881	53
8881	54
8886	12
8887	13
8887	14
8888	12
8888	13
889	53
889	54
8893	2
8893	49
8894	3
8894	4
8894	49
8895	2
8895	3
8895	49
8897	53
8898	54
8898	55
8899	53
8899	54
8904	12
8905	13
8905	14
8906	12
8906	13
8911	2
8911	49
8912	3
8912	4
8912	49
8913	2
8913	3
8913	49
8915	53
8916	54
8916	55
8917	53
8917	54
8922	12
8923	13
8923	14
8924	12
8924	13
8929	2
8929	49
8930	3
8930	4
8930	49
8931	2
8931	3
8931	49
8933	53
8934	54
8934	55
8935	53
8935	54
8940	12
894	12
8941	13
8941	14
8942	12
8942	13
8947	2
8947	49
8948	3
8948	4
8948	49
8949	2
8949	3
8949	49
895	13
895	14
8951	53
8952	54
8952	55
8953	53
8953	54
8958	12
8959	13
8959	14
8960	12
8960	13
896	12
896	13
8965	2
8965	49
8966	3
8966	4
8966	49
8967	2
8967	3
8967	49
8969	53
8970	54
8970	55
8971	53
8971	54
8976	12
8977	13
8977	14
8978	12
8978	13
8983	2
8983	49
8984	3
8984	4
8984	49
8985	2
8985	3
8985	49
8987	53
8988	54
8988	55
8989	53
8989	54
8994	12
8995	13
8995	14
8996	12
8996	13
9001	2
9001	49
9002	3
9002	4
9002	49
9003	2
9003	3
9003	49
9005	53
9006	54
9006	55
9007	53
9007	54
901	2
901	49
9012	12
9013	13
9013	14
9014	12
9014	13
9019	2
9019	49
9020	3
9020	4
902	3
902	4
9020	49
902	49
9021	2
9021	3
9021	49
9023	53
9024	54
9024	55
9025	53
9025	54
9030	12
903	2
903	3
903	49
9031	13
9031	14
9032	12
9032	13
9037	2
9037	49
9038	3
9038	4
9038	49
9039	2
9039	3
9039	49
9041	53
9042	54
9042	55
9043	53
9043	54
9048	12
9049	13
9049	14
9050	12
9050	13
905	53
9055	2
9055	49
9056	3
9056	4
9056	49
9057	2
9057	3
9057	49
9059	53
9060	54
9060	55
906	54
906	55
9061	53
9061	54
9066	12
9067	13
9067	14
9068	12
9068	13
907	53
907	54
9073	2
9073	49
9074	3
9074	4
9074	49
9075	2
9075	3
9075	49
9077	53
9078	54
9078	55
9079	53
9079	54
9084	12
9085	13
9085	14
9086	12
9086	13
9091	2
9091	49
9092	3
9092	4
9092	49
9093	2
9093	3
9093	49
9095	53
9096	54
9096	55
9097	53
9097	54
9102	12
9103	13
9103	14
9104	12
9104	13
9109	2
9109	49
9110	3
9110	4
9110	49
9111	2
9111	3
9111	49
9113	53
9114	54
9114	55
9115	53
9115	54
9120	12
912	12
9121	13
9121	14
9122	12
9122	13
9127	2
9127	49
9128	3
9128	4
9128	49
9129	2
9129	3
9129	49
913	13
913	14
9131	53
9132	54
9132	55
9133	53
9133	54
9138	12
9139	13
9139	14
9140	12
9140	13
914	12
914	13
9145	2
9145	49
9146	3
9146	4
9146	49
9147	2
9147	3
9147	49
9149	53
9150	54
9150	55
9151	53
9151	54
9156	12
9157	13
9157	14
9158	12
9158	13
9163	2
9163	49
9164	3
9164	4
9164	49
9165	2
9165	3
9165	49
9167	53
9168	54
9168	55
9169	53
9169	54
9174	12
9175	13
9175	14
9176	12
9176	13
9181	2
9181	49
9182	3
9182	4
9182	49
9183	2
9183	3
9183	49
9185	53
9186	54
9186	55
9187	53
9187	54
919	2
919	49
9192	12
9193	13
9193	14
9194	12
9194	13
9199	2
9199	49
9200	3
9200	4
920	3
920	4
9200	49
920	49
9201	2
9201	3
9201	49
9203	53
9204	54
9204	55
9205	53
9205	54
9210	12
921	2
921	3
921	49
9211	13
9211	14
9212	12
9212	13
9217	2
9217	49
9218	3
9218	4
9218	49
9219	2
9219	3
9219	49
9221	53
9222	54
9222	55
9223	53
9223	54
9228	12
9229	13
9229	14
9230	12
9230	13
923	53
9235	2
9235	49
9236	3
9236	4
9236	49
9237	2
9237	3
9237	49
9239	53
9240	54
9240	55
924	54
924	55
9241	53
9241	54
9246	12
9247	13
9247	14
9248	12
9248	13
925	53
925	54
9253	2
9253	49
9254	3
9254	4
9254	49
9255	2
9255	3
9255	49
9257	53
9258	54
9258	55
9259	53
9259	54
9264	12
9265	13
9265	14
9266	12
9266	13
9271	2
9271	49
9272	3
9272	4
9272	49
9273	2
9273	3
9273	49
9275	53
9276	54
9276	55
9277	53
9277	54
9282	12
9283	13
9283	14
9284	12
9284	13
9289	2
9289	49
9290	3
9290	4
9290	49
9291	2
9291	3
9291	49
9293	53
9294	54
9294	55
9295	53
9295	54
9300	12
930	12
9301	13
9301	14
9302	12
9302	13
9307	2
9307	49
9308	3
9308	4
9308	49
9309	2
9309	3
9309	49
931	13
931	14
9311	53
9312	54
9312	55
9313	53
9313	54
9318	12
9319	13
9319	14
9320	12
9320	13
932	12
932	13
9325	2
9325	49
9326	3
9326	4
9326	49
9327	2
9327	3
9327	49
9329	53
9330	54
9330	55
9331	53
9331	54
9336	12
9337	13
9337	14
9338	12
9338	13
9343	2
9343	49
9344	3
9344	4
9344	49
9345	2
9345	3
9345	49
9347	53
9348	54
9348	55
9349	53
9349	54
9354	12
9355	13
9355	14
9356	12
9356	13
9361	2
9361	49
9362	3
9362	4
9362	49
9363	2
9363	3
9363	49
9365	53
9366	54
9366	55
9367	53
9367	54
937	2
937	49
9372	12
9373	13
9373	14
9374	12
9374	13
9379	2
9379	49
9380	3
9380	4
938	3
938	4
9380	49
938	49
9381	2
9381	3
9381	49
9383	53
9384	54
9384	55
9385	53
9385	54
9390	12
939	2
939	3
939	49
9391	13
9391	14
9392	12
9392	13
9397	2
9397	49
9398	3
9398	4
9398	49
9399	2
9399	3
9399	49
9401	53
9402	54
9402	55
9403	53
9403	54
9408	12
9409	13
9409	14
9410	12
9410	13
941	53
9415	2
9415	49
9416	3
9416	4
9416	49
9417	2
9417	3
9417	49
9419	53
9420	54
9420	55
942	54
942	55
9421	53
9421	54
9426	12
9427	13
9427	14
9428	12
9428	13
943	53
943	54
9433	2
9433	49
9434	3
9434	4
9434	49
9435	2
9435	3
9435	49
9437	53
9438	54
9438	55
9439	53
9439	54
9444	12
9445	13
9445	14
9446	12
9446	13
9451	2
9451	49
9452	3
9452	4
9452	49
9453	2
9453	3
9453	49
9455	53
9456	54
9456	55
9457	53
9457	54
9462	12
9463	13
9463	14
9464	12
9464	13
9469	2
9469	49
9470	3
9470	4
9470	49
9471	2
9471	3
9471	49
9473	53
9474	54
9474	55
9475	53
9475	54
9480	12
948	12
9481	13
9481	14
9482	12
9482	13
9487	2
9487	49
9488	3
9488	4
9488	49
9489	2
9489	3
9489	49
949	13
949	14
9491	53
9492	54
9492	55
9493	53
9493	54
9498	12
9499	13
9499	14
9500	12
9500	13
950	12
950	13
9505	2
9505	49
9506	3
9506	4
9506	49
9507	2
9507	3
9507	49
9509	53
9510	54
9510	55
9511	53
9511	54
9516	12
9517	13
9517	14
9518	12
9518	13
9523	2
9523	49
9524	3
9524	4
9524	49
9525	2
9525	3
9525	49
9527	53
9528	54
9528	55
9529	53
9529	54
9534	12
9535	13
9535	14
9536	12
9536	13
9541	2
9541	49
9542	3
9542	4
9542	49
9543	2
9543	3
9543	49
9545	53
9546	54
9546	55
9547	53
9547	54
955	2
955	49
9552	12
9553	13
9553	14
9554	12
9554	13
9559	2
9559	49
9560	3
9560	4
956	3
956	4
9560	49
956	49
9561	2
9561	3
9561	49
9563	53
9564	54
9564	55
9565	53
9565	54
9570	12
957	2
957	3
957	49
9571	13
9571	14
9572	12
9572	13
9577	2
9577	49
9578	3
9578	4
9578	49
9579	2
9579	3
9579	49
9581	53
9582	54
9582	55
9583	53
9583	54
9588	12
9589	13
9589	14
9590	12
9590	13
959	53
9595	2
9595	49
9596	3
9596	4
9596	49
9597	2
9597	3
9597	49
9599	53
9600	54
9600	55
960	54
960	55
9601	53
9601	54
9606	12
9607	13
9607	14
9608	12
9608	13
961	53
961	54
9613	2
9613	49
9614	3
9614	4
9614	49
9615	2
9615	3
9615	49
9617	53
9618	54
9618	55
9619	53
9619	54
9624	12
9625	13
9625	14
9626	12
9626	13
9631	2
9631	49
9632	3
9632	4
9632	49
9633	2
9633	3
9633	49
9635	53
9636	54
9636	55
9637	53
9637	54
9642	12
9643	13
9643	14
9644	12
9644	13
9649	2
9649	49
9650	3
9650	4
9650	49
9651	2
9651	3
9651	49
9653	53
9654	54
9654	55
9655	53
9655	54
9660	12
966	12
9661	13
9661	14
9662	12
9662	13
9667	2
9667	49
9668	3
9668	4
9668	49
9669	2
9669	3
9669	49
967	13
967	14
9671	53
9672	54
9672	55
9673	53
9673	54
9678	12
9679	13
9679	14
9680	12
9680	13
968	12
968	13
9685	2
9685	49
9686	3
9686	4
9686	49
9687	2
9687	3
9687	49
9689	53
9690	54
9690	55
9691	53
9691	54
9696	12
9697	13
9697	14
9698	12
9698	13
9703	2
9703	49
9704	3
9704	4
9704	49
9705	2
9705	3
9705	49
9707	53
9708	54
9708	55
9709	53
9709	54
9714	12
9715	13
9715	14
9716	12
9716	13
9721	2
9721	49
9722	3
9722	4
9722	49
9723	2
9723	3
9723	49
9725	53
9726	54
9726	55
9727	53
9727	54
973	2
973	49
9732	12
9733	13
9733	14
9734	12
9734	13
9739	2
9739	49
9740	3
9740	4
974	3
974	4
9740	49
974	49
9741	2
9741	3
9741	49
9743	53
9744	54
9744	55
9745	53
9745	54
9750	12
975	2
975	3
975	49
9751	13
9751	14
9752	12
9752	13
9757	2
9757	49
9758	3
9758	4
9758	49
9759	2
9759	3
9759	49
9761	53
9762	54
9762	55
9763	53
9763	54
9768	12
9769	13
9769	14
9770	12
9770	13
977	53
9775	2
9775	49
9776	3
9776	4
9776	49
9777	2
9777	3
9777	49
9779	53
9780	54
9780	55
978	54
978	55
9781	53
9781	54
9786	12
9787	13
9787	14
9788	12
9788	13
979	53
979	54
9793	2
9793	49
9794	3
9794	4
9794	49
9795	2
9795	3
9795	49
9797	53
9798	54
9798	55
9799	53
9799	54
9804	12
9805	13
9805	14
9806	12
9806	13
9811	2
9811	49
9812	3
9812	4
9812	49
9813	2
9813	3
9813	49
9815	53
9816	54
9816	55
9817	53
9817	54
9822	12
9823	13
9823	14
9824	12
9824	13
9829	2
9829	49
9830	3
9830	4
9830	49
9831	2
9831	3
9831	49
9833	53
9834	54
9834	55
9835	53
9835	54
9840	12
984	12
9841	13
9841	14
9842	12
9842	13
9847	2
9847	49
9848	3
9848	4
9848	49
9849	2
9849	3
9849	49
985	13
985	14
9851	53
9852	54
9852	55
9853	53
9853	54
9858	12
9859	13
9859	14
9860	12
9860	13
986	12
986	13
9865	2
9865	49
9866	3
9866	4
9866	49
9867	2
9867	3
9867	49
9869	53
9870	54
9870	55
9871	53
9871	54
9876	12
9877	13
9877	14
9878	12
9878	13
9883	2
9883	49
9884	3
9884	4
9884	49
9885	2
9885	3
9885	49
9887	53
9888	54
9888	55
9889	53
9889	54
9894	12
9895	13
9895	14
9896	12
9896	13
9901	2
9901	49
9902	3
9902	4
9902	49
9903	2
9903	3
9903	49
9905	53
9906	54
9906	55
9907	53
9907	54
991	2
991	49
9912	12
9913	13
9913	14
9914	12
9914	13
9919	2
9919	49
9920	3
9920	4
992	3
992	4
9920	49
992	49
9921	2
9921	3
9921	49
9923	53
9924	54
9924	55
9925	53
9925	54
9930	12
993	2
993	3
993	49
9931	13
9931	14
9932	12
9932	13
9937	2
9937	49
9938	3
9938	4
9938	49
9939	2
9939	3
9939	49
9941	53
9942	54
9942	55
9943	53
9943	54
9948	12
9949	13
9949	14
9950	12
9950	13
995	53
9955	2
9955	49
9956	3
9956	4
9956	49
9957	2
9957	3
9957	49
9959	53
9960	54
9960	55
996	54
996	55
9961	53
9961	54
9966	12
9967	13
9967	14
9968	12
9968	13
997	53
997	54
9973	2
9973	49
9974	3
9974	4
9974	49
9975	2
9975	3
9975	49
9977	53
9978	54
9978	55
9979	53
9979	54
9984	12
9985	13
9985	14
9986	12
9986	13
9991	2
9991	49
9992	3
9992	4
9992	49
9993	2
9993	3
9993	49
9995	53
9996	54
9996	55
9997	53
9997	54
